# T        <|M|>         <E>           chi            C
  1.5500     0.98315852    -1.93982815     0.11668224     0.79194552
  1.5530     0.98285407    -1.93910519     0.12507274     0.81147623
  1.5560     0.98288444    -1.93896741     0.12792611     0.82981159
  1.5590     0.98310667    -1.93950963     0.11837331     0.78001850
  1.5621     0.98318889    -1.93987852     0.11834259     0.81155906
  1.5651     0.98231259    -1.93698667     0.12537330     0.80534707
  1.5681     0.98213185    -1.93621481     0.12058324     0.79904706
  1.5711     0.98208074    -1.93622074     0.11612536     0.75633213
  1.5741     0.98128370    -1.93380148     0.13166635     0.83903520
  1.5771     0.98180741    -1.93509481     0.11429888     0.75291861
  1.5802     0.98111630    -1.93316741     0.12983236     0.83004078
  1.5832     0.98082148    -1.93234370     0.13064929     0.81811121
  1.5862     0.98079926    -1.93202074     0.13091132     0.81130547
  1.5892     0.98054667    -1.93116593     0.13048743     0.79471964
  1.5922     0.98021407    -1.92996889     0.13217232     0.85202755
  1.5952     0.98013259    -1.93000593     0.14355106     0.84589521
  1.5982     0.97989778    -1.92913778     0.13888919     0.85158791
  1.6013     0.98011778    -1.92977926     0.13417573     0.82549565
  1.6043     0.97940593    -1.92724148     0.13696900     0.85928811
  1.6073     0.97928074    -1.92714667     0.14875114     0.92945895
  1.6103     0.97849333    -1.92459556     0.15127720     0.88796854
  1.6133     0.97853037    -1.92474815     0.15453095     0.92771641
  1.6163     0.97889185    -1.92602222     0.14754363     0.89011672
  1.6193     0.97804148    -1.92321481     0.15884202     0.90820120
  1.6224     0.97756963    -1.92164444     0.16409134     0.95346800
  1.6254     0.97715556    -1.92012000     0.16164769     0.94753683
  1.6284     0.97733333    -1.92086370     0.15672879     0.90713650
  1.6314     0.97696074    -1.91957481     0.15412411     0.88944164
  1.6344     0.97703259    -1.91970815     0.16456091     0.97386489
  1.6374     0.97641630    -1.91773630     0.16047857     0.93070403
  1.6405     0.97644444    -1.91810815     0.17144618     0.95992908
  1.6435     0.97613111    -1.91693481     0.16583472     0.96313081
  1.6465     0.97547630    -1.91502370     0.17461418     0.97110831
  1.6495     0.97465259    -1.91346074     0.19785360     1.02530786
  1.6525     0.97489407    -1.91329778     0.18619143     0.94181817
  1.6555     0.97461481    -1.91158667     0.17357416     1.01695189
  1.6585     0.97448889    -1.91183407     0.18414919     0.99113287
  1.6616     0.97452963    -1.91199259     0.20541967     1.08526745
  1.6646     0.97431111    -1.91081778     0.17655671     0.98527925
  1.6676     0.97336000    -1.90810370     0.19401246     1.02866956
  1.6706     0.97234889    -1.90594667     0.23021836     1.09603527
  1.6736     0.97363333    -1.90909185     0.18446073     0.98441302
  1.6766     0.97256519    -1.90503556     0.18394110     1.02976484
  1.6796     0.97196370    -1.90454074     0.21551787     1.07397580
  1.6827     0.97127778    -1.90225037     0.23245488     1.14755607
  1.6857     0.97193037    -1.90362963     0.20278115     1.05354229
  1.6887     0.97043185    -1.90039852     0.27324752     1.20630346
  1.6917     0.97067481    -1.90038074     0.23480145     1.12491309
  1.6947     0.97092889    -1.90014370     0.20015855     1.03177035
  1.6977     0.96955259    -1.89728889     0.23121208     1.11240963
  1.7008     0.96970519    -1.89762519     0.22744687     1.12412448
  1.7038     0.97002074    -1.89737926     0.21401020     1.11806246
  1.7068     0.96910741    -1.89516000     0.23329086     1.14196247
  1.7098     0.96892444    -1.89457926     0.23669677     1.14816508
  1.7128     0.96884148    -1.89431556     0.26326198     1.26607125
  1.7158     0.96853111    -1.89319407     0.23574401     1.15028265
  1.7188     0.96720963    -1.88996593     0.26168677     1.20272398
  1.7219     0.96734444    -1.88997630     0.24617238     1.16504245
  1.7249     0.96743333    -1.88976889     0.23535747     1.15689498
  1.7279     0.96611704    -1.88820296     0.33756114     1.32491858
  1.7309     0.96694000    -1.88794667     0.25312157     1.24423435
  1.7339     0.96595630    -1.88591407     0.28782890     1.32458152
  1.7369     0.96546222    -1.88438370     0.27672175     1.25922305
  1.7399     0.96474593    -1.88229778     0.27832352     1.21241637
  1.7430     0.96467111    -1.88282815     0.28810473     1.24219819
  1.7460     0.96461481    -1.88147407     0.27190335     1.26770729
  1.7490     0.96478741    -1.88199259     0.27827307     1.22301328
  1.7520     0.96339852    -1.87826815     0.31303283     1.25625663
  1.7550     0.96227704    -1.87573037     0.32668341     1.36365817
  1.7580     0.96262519    -1.87596889     0.29992695     1.30799021
  1.7611     0.96249185    -1.87617333     0.29747928     1.28573900
  1.7641     0.96237481    -1.87451556     0.28947171     1.29807701
  1.7671     0.96195778    -1.87323259     0.32563447     1.45868926
  1.7701     0.96115333    -1.87132296     0.30668984     1.33487143
  1.7731     0.96099185    -1.87145778     0.40836599     1.37217837
  1.7761     0.95917556    -1.86751407     0.37658004     1.42470601
  1.7791     0.96112296    -1.87049778     0.31082536     1.38122744
  1.7822     0.96028370    -1.86838519     0.30570426     1.33606046
  1.7852     0.95909111    -1.86563556     0.33162857     1.40914922
  1.7882     0.95891926    -1.86423704     0.35176701     1.44782410
  1.7912     0.95898815    -1.86483704     0.35215277     1.47414862
  1.7942     0.95721185    -1.86104296     0.36347542     1.35984476
  1.7972     0.95784963    -1.86177185     0.35601726     1.42769440
  1.8003     0.95714815    -1.86000148     0.36551707     1.42634758
  1.8033     0.95688222    -1.85880444     0.33784204     1.36592585
  1.8063     0.95475926    -1.85444296     0.40921578     1.54027988
  1.8093     0.95531778    -1.85514963     0.40288448     1.47676274
  1.8123     0.95468667    -1.85409926     0.41429396     1.51736442
  1.8153     0.95384815    -1.85213481     0.44725013     1.60116032
  1.8183     0.95384815    -1.85030222     0.39374447     1.53704725
  1.8214     0.95485704    -1.85215111     0.37250853     1.48573499
  1.8244     0.95402815    -1.84958519     0.38783100     1.53059429
  1.8274     0.95282148    -1.84820593     0.41016110     1.47779439
  1.8304     0.95242296    -1.84651259     0.40873974     1.56248280
  1.8334     0.95051407    -1.84275556     0.50474165     1.61084356
  1.8364     0.95274074    -1.84653185     0.40213913     1.53863859
  1.8394     0.94945556    -1.83949481     0.47704384     1.63156293
  1.8425     0.95108296    -1.84283111     0.42563126     1.54653750
  1.8455     0.94932889    -1.83791852     0.47806673     1.64236578
  1.8485     0.95004000    -1.83949333     0.42715438     1.60053413
  1.8515     0.94911778    -1.83734370     0.46633053     1.58800739
  1.8545     0.94817778    -1.83478074     0.47012100     1.67202967
  1.8575     0.94772741    -1.83272741     0.46643700     1.63662353
  1.8606     0.94580444    -1.82965926     0.52997101     1.74943444
  1.8636     0.94618148    -1.83011556     0.59546702     1.86917691
  1.8666     0.94600667    -1.82963111     0.51868915     1.66735104
  1.8696     0.94427259    -1.82507111     0.56774253     1.78150589
  1.8726     0.94486889    -1.82560593     0.50766772     1.68012052
  1.8756     0.94170370    -1.81917037     0.58999122     1.77928693
  1.8786     0.94359778    -1.82187704     0.51719774     1.70902354
  1.8817     0.94278815    -1.82099259     0.58368674     1.81570023
  1.8847     0.94222000    -1.81889333     0.53882742     1.68528260
  1.8877     0.94072000    -1.81540741     0.58708645     1.86487352
  1.8907     0.94002148    -1.81416148     0.68808800     1.97528642
  1.8937     0.93917556    -1.81067259     0.61519743     1.94767773
  1.8967     0.93952815    -1.81251407     0.61258305     1.82169045
  1.8997     0.93808296    -1.80911259     0.63116424     1.89880662
  1.9028     0.93919185    -1.81098074     0.65195339     1.80121362
  1.9058     0.93813852    -1.80804148     0.62574697     1.90562001
  1.9088     0.93742519    -1.80623259     0.62403530     1.93605146
  1.9118     0.93503259    -1.80199259     0.80885758     2.04458564
  1.9148     0.93493630    -1.80022074     0.72841207     2.00437048
  1.9178     0.93472963    -1.80028741     0.69566619     1.95408453
  1.9209     0.93313556    -1.79720296     0.77949955     2.00130719
  1.9239     0.93126000    -1.79163852     0.74471886     1.95479642
  1.9269     0.93302593    -1.79503704     0.63010056     1.83189636
  1.9299     0.93049481    -1.79091556     0.75146270     1.93268102
  1.9329     0.93157556    -1.79147111     0.79238953     2.07519196
  1.9359     0.93102963    -1.79143704     0.81727470     2.00891638
  1.9389     0.92656889    -1.78258963     0.90518532     2.02237074
  1.9420     0.92662000    -1.78328593     0.97079704     2.08684449
  1.9450     0.92612963    -1.78269333     1.02761722     2.22634236
  1.9480     0.92775333    -1.78148148     0.76944341     2.02678012
  1.9510     0.92870296    -1.78456444     0.83034966     2.08110719
  1.9540     0.92489852    -1.77576296     0.87248501     2.12298236
  1.9570     0.92257259    -1.77398667     1.15133711     2.19127862
  1.9601     0.92235630    -1.77255556     0.94900463     2.09780987
  1.9631     0.92281926    -1.77148000     0.90044293     2.05529436
  1.9661     0.92179481    -1.76927852     0.96788282     2.19044312
  1.9691     0.92169111    -1.76903704     1.00747267     2.37677766
  1.9721     0.92070370    -1.76548296     1.04307871     2.43797476
  1.9751     0.92083185    -1.76509037     1.05998795     2.36026077
  1.9781     0.92056741    -1.76435556     0.90166917     2.21358935
  1.9812     0.91623407    -1.75659704     1.07096354     2.21470772
  1.9842     0.91465111    -1.75355259     1.23570974     2.27702630
  1.9872     0.91323333    -1.75357630     1.27831449     2.35134574
  1.9902     0.91376296    -1.75183407     1.34707597     2.34108180
  1.9932     0.91666889    -1.75440889     0.93503768     2.17333585
  1.9962     0.91129704    -1.74690815     1.20298803     2.25885583
  1.9992     0.91238000    -1.74751111     1.18261464     2.41844862
  2.0023     0.91215333    -1.74577926     1.04337360     2.19648187
  2.0053     0.90960000    -1.74085926     1.23292417     2.41594561
  2.0083     0.90831037    -1.74058667     1.53422124     2.41694646
  2.0113     0.90742593    -1.73632444     1.14262652     2.33475966
  2.0143     0.90949852    -1.73966667     1.27308189     2.56763334
  2.0173     0.90908074    -1.73808148     1.16878644     2.46132152
  2.0204     0.90296370    -1.72982222     1.72038380     2.63733788
  2.0234     0.89930593    -1.72495407     2.14031862     2.89965493
  2.0264     0.90395111    -1.72897333     1.47080914     2.63465853
  2.0294     0.89940593    -1.71893926     1.61998968     2.72234725
  2.0324     0.90183259    -1.72543111     1.73490556     2.78636051
  2.0354     0.90249333    -1.72340444     1.52638206     2.76829424
  2.0384     0.89457185    -1.71301481     1.85672534     2.74391844
  2.0415     0.89088296    -1.70825037     2.38937888     2.86768243
  2.0445     0.89628519    -1.71425333     1.75007036     2.60629568
  2.0475     0.89097926    -1.70545185     2.26314384     2.84243432
  2.0505     0.89430963    -1.70865333     1.77126358     2.85438220
  2.0535     0.89659037    -1.70951556     1.46037117     2.64207517
  2.0565     0.87745185    -1.69389926     5.63427390     3.46749771
  2.0595     0.88923778    -1.69900593     2.18751384     2.93390113
  2.0626     0.88760667    -1.69371852     1.89851413     2.95526795
  2.0656     0.88342963    -1.68785630     2.16221375     2.96345628
  2.0686     0.88119704    -1.68913037     2.34630295     2.77719352
  2.0716     0.87881556    -1.68340593     2.72757163     3.17386671
  2.0746     0.88138963    -1.68280593     2.26005711     3.08750692
  2.0776     0.88219852    -1.68402667     1.84610494     2.75546937
  2.0807     0.88184889    -1.68160000     2.07037540     2.97671029
  2.0837     0.87440667    -1.67322519     2.74257229     3.16458032
  2.0867     0.87704519    -1.67199704     2.10832012     2.95289439
  2.0897     0.86975407    -1.66780444     2.74698404     2.94278036
  2.0927     0.86906815    -1.66485926     3.19622306     3.10042838
  2.0957     0.87762889    -1.67199407     1.71725271     2.64177213
  2.0987     0.87513630    -1.67044741     2.06397785     2.80799119
  2.1018     0.85945778    -1.65028148     4.27423698     3.95892776
  2.1048     0.86120963    -1.65354815     4.45462774     3.61418488
  2.1078     0.86193259    -1.64931852     2.74735214     3.04169387
  2.1108     0.86696519    -1.65634222     2.46421307     2.94006412
  2.1138     0.85657778    -1.64887407     5.25960985     3.40813676
  2.1168     0.85719630    -1.64751259     4.74078729     3.56672281
  2.1198     0.84930889    -1.63822519     4.94406237     3.49021495
  2.1229     0.85920889    -1.64119852     2.75998669     3.13205778
  2.1259     0.85547926    -1.63370222     2.69969842     3.23723586
  2.1289     0.85503852    -1.63607111     3.70571502     3.59092689
  2.1319     0.84153037    -1.62541926     6.23736767     3.68339625
  2.1349     0.83300519    -1.61887852     8.19576224     4.01478821
  2.1379     0.84470296    -1.62641630     5.73730182     3.89452532
  2.1410     0.83670444    -1.61336889     6.18772518     3.81441031
  2.1440     0.84440296    -1.61976296     3.96689023     3.63760137
  2.1470     0.83283185    -1.60917037     6.34751030     3.72303845
  2.1500     0.83723111    -1.60986074     4.42266570     3.59653176
  2.1500     0.84256822    -1.61450244    25.81449342    24.18337591
  2.1515     0.84209600    -1.61225267    25.61838147    23.75557343
  2.1530     0.83508933    -1.60644956    34.14125492    25.65766852
  2.1545     0.83385944    -1.60647556    34.93865812    24.88825975
  2.1560     0.83876322    -1.60938133    31.35159987    24.75445793
  2.1575     0.82769633    -1.60000022    43.39547974    25.74643559
  2.1590     0.83346511    -1.60203467    31.69610586    24.93264733
  2.1606     0.83447300    -1.60131733    30.19508761    24.69868486
  2.1621     0.83157222    -1.59880711    33.88174371    24.01822183
  2.1636     0.82609900    -1.59622267    52.80618386    26.57756717
  2.1651     0.82513033    -1.59338022    44.15279584    27.11980560
  2.1666     0.81003967    -1.58750667   104.65899117    30.67533731
  2.1681     0.82551378    -1.59239644    37.05432918    25.10003212
  2.1696     0.81450844    -1.58356356    67.08872864    28.85466012
  2.1711     0.82209300    -1.58520467    33.54629977    25.30527124
  2.1726     0.81178722    -1.57877422    54.28575222    28.23544760
  2.1741     0.82102889    -1.58465756    38.11500393    25.73616127
  2.1756     0.82052700    -1.58360800    40.19532125    26.35071745
  2.1771     0.81141700    -1.57678422    56.01198107    27.53006667
  2.1786     0.79749789    -1.56971933   124.59945554    31.73401505
  2.1802     0.80487844    -1.57060267    57.72169246    27.90648981
  2.1817     0.81398289    -1.57372778    42.86946740    27.99719916
  2.1832     0.81671067    -1.57507311    36.13269646    25.62236047
  2.1847     0.80788722    -1.56913444    51.30354694    28.71451869
  2.1862     0.80377511    -1.56769867    67.23795348    29.93696342
  2.1877     0.79419700    -1.55946089    93.38544738    30.70944457
  2.1892     0.80147189    -1.56443378    71.43571774    29.42586720
  2.1907     0.80440311    -1.56469667    55.37526671    27.15338691
  2.1922     0.80704789    -1.56110756    41.32766376    27.11423482
  2.1937     0.77801589    -1.54746422   118.91803936    31.95769849
  2.1952     0.79286800    -1.55162178    54.90839015    28.07689184
  2.1967     0.78823911    -1.55053178   103.27212212    31.48225045
  2.1982     0.76663956    -1.53638578   152.04276950    35.52418900
  2.1997     0.79145033    -1.54881556    63.83706103    29.70707860
  2.2013     0.75422700    -1.53338178   225.92109512    36.24582943
  2.2028     0.77588267    -1.54212867   133.05898213    33.11145080
  2.2043     0.79188311    -1.54613333    64.35909135    28.31433747
  2.2058     0.78506844    -1.54066911    79.39837067    30.16635686
  2.2073     0.77940933    -1.53556111    86.74520492    31.30342923
  2.2088     0.76252700    -1.53145356   166.32281505    33.82018001
  2.2103     0.77906256    -1.53514333    77.78523512    31.75022140
  2.2118     0.76798989    -1.52730200    97.58842388    31.56814383
  2.2133     0.76373756    -1.52413378   107.66997368    32.41323469
  2.2148     0.74549833    -1.52107600   254.15107444    36.70817300
  2.2163     0.75382078    -1.52029400   160.53815838    33.69298847
  2.2178     0.76619400    -1.52161800    86.90635436    31.79098760
  2.2193     0.77314700    -1.52427022    73.36877913    31.72750701
  2.2209     0.76381167    -1.51707378   105.12991387    34.58871497
  2.2224     0.73342156    -1.50666000   219.93884067    35.08819416
  2.2239     0.74828733    -1.50819978   128.66363677    33.12247990
  2.2254     0.76463067    -1.51503378    95.97387107    32.21162443
  2.2269     0.75113467    -1.50944689   124.90657372    33.92679288
  2.2284     0.72327378    -1.50060711   264.76114196    39.45456880
  2.2299     0.71145622    -1.48818400   223.61932182    37.24716124
  2.2314     0.75078533    -1.50615444   132.21421923    33.38809709
  2.2329     0.75629567    -1.50398644    85.29613683    32.37902424
  2.2344     0.73428744    -1.49363644   141.08529738    35.32073858
  2.2359     0.72548000    -1.48879133   145.09670401    36.18438491
  2.2374     0.69181522    -1.47469956   275.44390170    43.05749394
  2.2389     0.73474289    -1.49478044   156.13653871    34.86875441
  2.2405     0.68692044    -1.47003511   302.81330576    43.33118872
  2.2420     0.71066756    -1.48148733   228.24577739    37.94785935
  2.2435     0.72783256    -1.48569844   155.06245382    34.06906838
  2.2450     0.70310200    -1.47533222   249.55686267    36.26016952
  2.2465     0.68142889    -1.46342311   310.35245975    40.42121936
  2.2480     0.71910233    -1.47709578   165.91955857    36.04879570
  2.2495     0.71245167    -1.46909022   137.51941313    35.10609060
  2.2510     0.72777322    -1.47993156   144.38932197    35.01048578
  2.2525     0.73079856    -1.47866644   108.77647023    32.42868992
  2.2540     0.69544522    -1.46355978   244.44857476    38.53153607
  2.2555     0.66651111    -1.45048933   283.70845028    41.07668669
  2.2570     0.70946956    -1.46234844   154.38496562    36.81320478
  2.2585     0.66083567    -1.44355022   283.51538358    39.60957091
  2.2601     0.68766689    -1.45585333   245.50961574    39.25193959
  2.2616     0.71010333    -1.46500489   156.01325527    35.33112642
  2.2631     0.63858956    -1.43531667   384.09383935    43.20864759
  2.2646     0.69827856    -1.45396978   170.88096278    37.33434212
  2.2661     0.63447022    -1.43220422   365.59822768    42.28410327
  2.2676     0.65988989    -1.43710956   281.36891514    38.83750941
  2.2691     0.62268200    -1.42198844   345.24405766    41.02601568
  2.2706     0.64223133    -1.42781778   321.58778548    42.73919392
  2.2721     0.68296622    -1.44093044   196.60901472    35.39178896
  2.2736     0.64925211    -1.42998089   298.10322834    38.68030533
  2.2751     0.65006433    -1.42775378   296.77924281    40.79171030
  2.2766     0.64247578    -1.41917067   285.39533434    41.29880239
  2.2781     0.62597000    -1.41465622   337.21140736    42.30850541
  2.2796     0.62260900    -1.41026756   303.04562660    40.28801543
  2.2812     0.62648011    -1.40987711   314.26022299    41.57570276
  2.2827     0.62120578    -1.40971533   343.89760894    42.44792480
  2.2842     0.64354511    -1.41711733   253.96093693    39.00748608
  2.2857     0.58803589    -1.39479178   397.34218673    43.55767343
  2.2872     0.59290544    -1.39663400   398.85170928    43.64285042
  2.2887     0.61497722    -1.40376978   365.36266015    41.64135750
  2.2902     0.61145211    -1.39895444   310.52754270    38.17867919
  2.2917     0.62539556    -1.40088756   270.33751351    39.84471038
  2.2932     0.58348211    -1.38510000   372.88114850    43.56809597
  2.2947     0.58854944    -1.38748578   346.95374738    38.71506644
  2.2962     0.59089089    -1.38456444   353.76100286    41.03519205
  2.2977     0.59010167    -1.38628600   334.99876367    40.20780203
  2.2992     0.58835067    -1.38390356   360.88590169    40.44534937
  2.3008     0.59404678    -1.38519600   343.78329394    41.45122153
  2.3023     0.54820133    -1.36662133   403.66784591    43.38705712
  2.3038     0.54179456    -1.36236667   431.55546290    44.95956636
  2.3053     0.61783700    -1.38412044   230.06212887    37.58566276
  2.3068     0.57681689    -1.36885311   340.59184375    40.28934041
  2.3083     0.53723622    -1.35514022   414.53581976    40.87600260
  2.3098     0.53943289    -1.35674956   428.93209196    41.62914825
  2.3113     0.55634078    -1.35570556   328.56959451    39.28126113
  2.3128     0.51807656    -1.34503778   426.00126608    41.88261302
  2.3143     0.54766489    -1.35569267   396.70208857    41.34296492
  2.3158     0.53830444    -1.34649111   338.69882568    39.13837435
  2.3173     0.49997222    -1.33455733   431.76853783    39.94506044
  2.3188     0.49522589    -1.33606222   438.60834461    39.91225342
  2.3204     0.55387033    -1.34764933   326.15728982    37.02836529
  2.3219     0.55205067    -1.34889067   344.43783373    41.12677413
  2.3234     0.52625067    -1.33613333   354.39957791    36.31331098
  2.3249     0.52445456    -1.33833600   385.64019100    38.43630787
  2.3264     0.54711156    -1.34279956   354.35756802    39.55127286
  2.3279     0.52069767    -1.33602333   412.31004132    41.68178989
  2.3294     0.47299100    -1.32056378   483.86382807    40.61596904
  2.3309     0.48838422    -1.32149067   440.99298842    41.30060888
  2.3324     0.54422289    -1.34013311   392.09475693    40.75295556
  2.3339     0.48108622    -1.31635622   439.52368613    39.52527433
  2.3354     0.48370600    -1.30917000   378.60689583    37.35375941
  2.3369     0.48775444    -1.31253089   340.36677509    34.51800101
  2.3384     0.43784033    -1.29691289   432.38638683    36.92367179
  2.3399     0.49218644    -1.31259600   379.33672617    36.71149638
  2.3415     0.46880111    -1.30472889   429.31685257    37.85798354
  2.3430     0.48896611    -1.30674644   371.41277959    38.99995733
  2.3445     0.48538189    -1.30395444   344.92401733    36.31292903
  2.3460     0.44512900    -1.29417467   398.39975891    36.10207311
  2.3475     0.47453467    -1.29960089   389.32455402    37.46691140
  2.3490     0.45130178    -1.29202756   413.93779631    36.48864170
  2.3505     0.47216200    -1.29334956   363.55476158    35.68174250
  2.3520     0.41406822    -1.28074911   434.04677775    34.66690853
  2.3535     0.43461322    -1.28536533   405.08490760    36.75141370
  2.3550     0.44886811    -1.28552467   401.95155472    38.19957198
  2.3565     0.41071611    -1.27198467   381.75490901    34.99388238
  2.3580     0.41865356    -1.27461578   411.63722782    36.93437587
  2.3595     0.41257511    -1.26966133   357.66480429    33.29600533
  2.3611     0.40852922    -1.27140311   399.38908442    34.28930676
  2.3626     0.45620844    -1.27828600   340.99055080    33.73757910
  2.3641     0.40108611    -1.26590044   410.53961083    36.01497470
  2.3656     0.38345056    -1.25689667   401.37433352    34.02998616
  2.3671     0.39509411    -1.25902178   371.33863082    32.46409704
  2.3686     0.42136189    -1.26709111   394.40177141    35.32667748
  2.3701     0.41263056    -1.26131556   396.97805163    35.27579483
  2.3716     0.41307822    -1.26351289   354.50369151    31.00814899
  2.3731     0.37477822    -1.24958578   400.31261532    33.26064584
  2.3746     0.41874511    -1.26234889   382.87915248    33.84157175
  2.3761     0.38066322    -1.24903244   364.87345844    30.04936104
  2.3776     0.36426444    -1.24125156   381.39044292    32.67116225
  2.3791     0.35260400    -1.23885111   361.97225504    30.98036015
  2.3807     0.39833367    -1.24981511   381.42232574    33.99288813
  2.3822     0.36143189    -1.23737333   342.26885784    30.10894296
  2.3837     0.36245144    -1.23596022   360.19329641    31.27910396
  2.3852     0.37313844    -1.23806156   336.08001943    30.44000340
  2.3867     0.35199900    -1.23227489   355.16245320    30.14369883
  2.3882     0.33716911    -1.22951289   365.96383374    30.69523719
  2.3897     0.31742478    -1.21723378   306.78410994    27.90019677
  2.3912     0.37377211    -1.23511044   375.32476173    31.71531134
  2.3927     0.30173800    -1.21450911   328.16542203    27.86002450
  2.3942     0.37207133    -1.22877289   348.71213317    32.13411283
  2.3957     0.34988044    -1.22336378   323.91964439    29.56836070
  2.3972     0.31392933    -1.21544311   368.30758115    30.44156042
  2.3987     0.31176367    -1.20974733   312.56274966    27.50698391
  2.4003     0.36265067    -1.22030044   323.54962395    27.91363267
  2.4018     0.32478611    -1.20793956   311.49840502    28.51669319
  2.4033     0.33588556    -1.21273356   344.55566756    29.65392795
  2.4048     0.30585722    -1.20539444   311.71096512    26.45492758
  2.4063     0.34743067    -1.21273778   353.30172599    31.19085918
  2.4078     0.32640967    -1.20611800   307.45727187    28.19237388
  2.4093     0.32581722    -1.20663556   364.93350906    30.82990041
  2.4108     0.32563256    -1.20523422   323.95075517    28.35338711
  2.4123     0.32201233    -1.19927267   306.25302027    27.95374877
  2.4138     0.28013422    -1.18911689   281.69363608    25.31106438
  2.4153     0.35072378    -1.20526733   327.32371343    29.41309540
  2.4168     0.31028478    -1.19208511   316.30897842    28.22337911
  2.4183     0.29797978    -1.18839911   273.65778287    25.77953154
  2.4198     0.28293789    -1.18398556   285.83569323    24.96235351
  2.4214     0.32415444    -1.19581244   338.15753693    28.15750986
  2.4229     0.32011622    -1.19338533   307.60285581    27.75358493
  2.4244     0.27782844    -1.17867067   286.01580205    25.91784008
  2.4259     0.30834456    -1.18529022   306.15367528    25.89125967
  2.4274     0.27089422    -1.18088378   267.19798981    24.41308164
  2.4289     0.29645822    -1.17893622   281.52531626    26.01895965
  2.4304     0.26066900    -1.17304822   263.54892787    24.79739271
  2.4319     0.28914811    -1.17572511   277.39287620    24.48649671
  2.4334     0.29882844    -1.18076867   300.88767775    27.79096963
  2.4349     0.26284511    -1.17248489   286.11033757    25.43918302
  2.4364     0.25899600    -1.16741400   238.43850653    23.47103104
  2.4379     0.29028789    -1.17325400   268.08552056    25.29674331
  2.4394     0.28275622    -1.16950622   279.73372178    24.91602744
  2.4410     0.26814311    -1.16404067   266.37203318    24.24597595
  2.4425     0.26614767    -1.16194000   256.24471248    23.98938009
  2.4440     0.25747056    -1.16183156   242.51385942    22.91412622
  2.4455     0.24732378    -1.15963333   228.46431465    22.34239656
  2.4470     0.25571067    -1.15553267   214.87946654    21.61156452
  2.4485     0.25323289    -1.15560422   234.37614869    23.59192938
  2.4500     0.27020000    -1.15761733   248.46125288    23.16927601
  2.4500     0.24738519    -1.14331111    36.29710053     3.71310936
  2.4530     0.23782519    -1.14667704    31.90100428     3.21360148
  2.4560     0.25656148    -1.15088741    31.10485840     3.19942150
  2.4590     0.22361185    -1.14351259    31.28306334     3.38969910
  2.4621     0.30572296    -1.15573037    32.88426474     3.58412249
  2.4651     0.23314667    -1.13176593    32.86883617     3.23632305
  2.4681     0.19917704    -1.12205778    30.11305008     3.11875028
  2.4711     0.23623704    -1.13311111    29.39752791     2.92160582
  2.4741     0.21832667    -1.12873926    31.09743834     2.74029533
  2.4771     0.22378074    -1.12890222    31.60805890     2.97823790
  2.4802     0.21985630    -1.12021333    30.39388322     2.92359998
  2.4832     0.20454296    -1.11563556    23.15667442     3.15061665
  2.4862     0.18603037    -1.10534222    21.32639578     3.07424395
  2.4892     0.26548074    -1.12079556    26.19542365     2.90408059
  2.4922     0.20523556    -1.11258963    26.80542572     2.90789734
  2.4952     0.23174074    -1.11005630    26.21844782     3.02827429
  2.4982     0.17878667    -1.10400593    25.47190429     2.75256128
  2.5013     0.20970370    -1.10473037    25.36027528     3.10954885
  2.5043     0.19361407    -1.09894963    28.19081722     2.75704003
  2.5073     0.23364963    -1.10563704    27.79185629     3.01278713
  2.5103     0.18900222    -1.10496593    19.87597350     2.80050363
  2.5133     0.17863852    -1.08941778    18.61187048     2.68221363
  2.5163     0.16426444    -1.08615852    18.37579799     2.46406132
  2.5193     0.19660889    -1.08270222    20.48195448     2.55615809
  2.5224     0.20417111    -1.09129037    26.98126135     2.88755800
  2.5254     0.21737037    -1.08355852    26.81276891     3.19447094
  2.5284     0.19644370    -1.08582074    23.94024858     2.39019888
  2.5314     0.21507704    -1.08610963    21.39921924     2.91514871
  2.5344     0.20766296    -1.07845481    19.79993503     2.80149400
  2.5374     0.17462741    -1.07612741    18.92975754     2.61317086
  2.5405     0.17968296    -1.06799852    16.45896963     2.44073338
  2.5435     0.18869185    -1.06857037    21.58254240     2.66907992
  2.5465     0.20456963    -1.07420000    30.45450997     2.70578737
  2.5495     0.19170519    -1.06882963    22.38829406     2.86234496
  2.5525     0.19774370    -1.06667111    22.31307031     3.04910846
  2.5555     0.15460519    -1.05250222    14.54664922     2.32760177
  2.5585     0.18245778    -1.05374519    19.23270116     2.61131212
  2.5616     0.15412889    -1.05390222    15.02445785     2.43921694
  2.5646     0.19344963    -1.05401630    21.73818466     2.44890715
  2.5676     0.17325852    -1.04511852    18.85377736     2.66567756
  2.5706     0.19150074    -1.05376000    20.00529758     2.62182953
  2.5736     0.16635556    -1.04680889    17.69333639     2.40204239
  2.5766     0.16804148    -1.04649333    18.07025274     2.53576340
  2.5796     0.17801333    -1.04484593    18.89265700     2.35316728
  2.5827     0.18063333    -1.04121037    19.26613116     2.61218908
  2.5857     0.17107407    -1.03782222    18.02326975     2.51551817
  2.5887     0.14602074    -1.03085037    12.25328340     2.32997895
  2.5917     0.17656815    -1.03686963    18.54497373     2.60194271
  2.5947     0.14963333    -1.03920444    19.94941401     2.75163285
  2.5977     0.14074667    -1.03042815    14.49274486     2.21967307
  2.6008     0.14783852    -1.01811259    12.35828338     2.28516972
  2.6038     0.16686222    -1.03071852    17.93773682     2.41747342
  2.6068     0.15715852    -1.01678519    12.74941921     2.13999837
  2.6098     0.16791407    -1.02228148    15.75372635     2.44570583
  2.6128     0.19147407    -1.01930667    17.56351349     2.43025113
  2.6158     0.15736889    -1.01412741    12.89603368     2.30158508
  2.6188     0.16162370    -1.01155704    14.07549525     2.22905934
  2.6219     0.15520296    -1.01154667    12.29980123     2.21329244
  2.6249     0.14801407    -1.01066963    15.02663162     2.54384925
  2.6279     0.16449556    -1.01158074    15.59016279     2.13806112
  2.6309     0.16514444    -1.01346963    13.94664917     2.32516502
  2.6339     0.13920444    -1.00536593    14.20226462     2.27266065
  2.6369     0.16298667    -0.99748148    15.88558214     2.46934676
  2.6399     0.13726074    -0.99728296    10.47713539     1.96833846
  2.6430     0.14725259    -1.00670519    14.47091132     2.20567830
  2.6460     0.14646741    -0.99544593    15.29943503     2.31516285
  2.6490     0.13695185    -0.99642667    11.96733154     2.03726732
  2.6520     0.14367926    -0.99241333    12.73578844     2.07518106
  2.6550     0.14326741    -0.99316593    13.23672443     2.14129510
  2.6580     0.13905259    -0.98670963    11.92349437     2.08178829
  2.6611     0.14933630    -0.98960593    12.12329454     2.12767297
  2.6641     0.14933556    -0.99053185    15.58437197     2.19765270
  2.6671     0.13560074    -0.98315556    10.07304149     2.07543908
  2.6701     0.13439926    -0.98336889    11.71988317     2.05819553
  2.6731     0.13561037    -0.98024000    12.36821738     2.21808834
  2.6761     0.13335259    -0.98073481    10.79451077     1.96578183
  2.6791     0.12557630    -0.97042074     8.99468547     1.98545193
  2.6822     0.12885556    -0.97586667     9.78500408     2.05542517
  2.6852     0.14515704    -0.97779407    11.79877804     1.92949323
  2.6882     0.13165259    -0.96566519    10.41554128     2.00950324
  2.6912     0.12915778    -0.97087704     9.32460438     2.09056135
  2.6942     0.14854000    -0.97625778    13.84447579     2.05169306
  2.6972     0.12530370    -0.96201185     8.96759491     2.02752083
  2.7003     0.13318222    -0.96402963    10.02070071     1.91465082
  2.7033     0.14221111    -0.96134815    10.54408426     2.00072756
  2.7063     0.12773481    -0.95570519    10.13601644     2.10971440
  2.7093     0.12479630    -0.95490222    10.86038622     2.00234125
  2.7123     0.11622444    -0.95544889     8.18568940     1.99738732
  2.7153     0.12933556    -0.95457185     9.86038106     1.86628296
  2.7183     0.13266519    -0.95788593     9.49547412     1.93473319
  2.7214     0.12987778    -0.94761481     9.83227129     1.92876018
  2.7244     0.13743333    -0.94846963    11.02700769     1.85137193
  2.7274     0.12090963    -0.95136296     8.47862551     1.95495642
  2.7304     0.14070667    -0.94725926    11.30373813     1.88713624
  2.7334     0.12160889    -0.93779407     9.14639088     1.79036055
  2.7364     0.13533704    -0.94249333    10.43983118     1.86500914
  2.7394     0.12193556    -0.94137333     9.65849433     2.02978713
  2.7425     0.12169556    -0.93377778     8.34263773     1.88734017
  2.7455     0.12971185    -0.94426963     9.23260599     1.87386301
  2.7485     0.11395111    -0.93514222     7.63222549     1.74947476
  2.7515     0.11696444    -0.92772000     8.21244234     1.81954045
  2.7545     0.11504963    -0.93162667     8.07496314     1.82223705
  2.7575     0.11884667    -0.92581333     8.02232908     1.85742486
  2.7606     0.12395111    -0.93046519     8.93040265     1.92078858
  2.7636     0.12846370    -0.92978519     9.43953570     1.75877279
  2.7666     0.10208444    -0.92353333     5.81533371     1.76082215
  2.7696     0.11913259    -0.92486815     7.48089136     1.92565629
  2.7726     0.12186815    -0.92413333     9.67383668     1.85799325
  2.7756     0.10428889    -0.92437185     6.49997181     1.77802709
  2.7786     0.11221037    -0.92317630     7.21537825     1.81988288
  2.7817     0.10704222    -0.91644593     6.94878439     1.62685994
  2.7847     0.12818889    -0.91705926     8.83580384     1.68682187
  2.7877     0.10660963    -0.91506667     6.50376880     1.66047935
  2.7907     0.10486593    -0.91418222     7.42383901     1.71166827
  2.7937     0.11465481    -0.91146370     7.95181079     1.80839495
  2.7967     0.10337704    -0.90621778     7.01903362     1.69862571
  2.7997     0.13118667    -0.91054074     9.35101746     1.77812388
  2.8028     0.10916148    -0.90963852     6.51651528     1.72934779
  2.8058     0.11721185    -0.90412889     7.98420060     1.58142441
  2.8088     0.10658593    -0.89669333     6.06122069     1.51570269
  2.8118     0.11700370    -0.90454667     7.31624965     1.76173568
  2.8148     0.10885185    -0.90188593     6.57990972     1.68356938
  2.8178     0.10977259    -0.89614519     6.87122963     1.64519683
  2.8209     0.11526889    -0.89882370     7.81319441     1.73852969
  2.8239     0.10729778    -0.89782815     6.64965033     1.73842647
  2.8269     0.11019704    -0.89807704     6.40954649     1.66019129
  2.8299     0.11622074    -0.88664741     8.04700533     1.71798383
  2.8329     0.10407704    -0.89174074     6.03731596     1.51145800
  2.8359     0.10839852    -0.89121037     7.18993579     1.66589751
  2.8389     0.10624963    -0.88760889     6.92621153     1.57481751
  2.8420     0.10757111    -0.88731704     6.91953559     1.62250328
  2.8450     0.10897704    -0.89076000     6.26357973     1.61381609
  2.8480     0.10760593    -0.88565630     6.77185328     1.58960521
  2.8510     0.10197333    -0.88026519     6.44434843     1.57809458
  2.8540     0.10603333    -0.88672741     6.56749180     1.66343963
  2.8570     0.10132148    -0.87861630     6.30432093     1.57939194
  2.8601     0.10746815    -0.88076148     6.24269879     1.59917828
  2.8631     0.10837630    -0.87849481     7.51571983     1.66149467
  2.8661     0.08897481    -0.87787111     4.88218659     1.50542258
  2.8691     0.09980667    -0.87418222     6.32524700     1.52847265
  2.8721     0.10006593    -0.87213926     5.82092603     1.55385883
  2.8751     0.10410370    -0.87618074     6.53391367     1.54326592
  2.8781     0.10504074    -0.86736741     6.26629162     1.53381268
  2.8812     0.10339259    -0.86787556     6.42138096     1.57724441
  2.8842     0.09805556    -0.86832148     5.64522776     1.57088671
  2.8872     0.11006444    -0.86585630     6.47402959     1.54842621
  2.8902     0.09485185    -0.86188889     5.36774320     1.49956398
  2.8932     0.09972963    -0.86197630     5.90167415     1.53420156
  2.8962     0.10473852    -0.85583407     5.95389697     1.44588325
  2.8992     0.09210963    -0.85946963     5.19426022     1.65848761
  2.9023     0.09330148    -0.85837037     4.87386131     1.51609530
  2.9053     0.09867630    -0.85827704     5.44595207     1.51929074
  2.9083     0.10906000    -0.86218667     6.59568377     1.46445375
  2.9113     0.09771185    -0.85278222     4.87207577     1.43874765
  2.9143     0.09820222    -0.84838519     5.80482310     1.53599262
  2.9173     0.09749259    -0.85352000     5.05238803     1.43480460
  2.9204     0.09464593    -0.84733185     5.28085542     1.44137079
  2.9234     0.10249037    -0.85176000     5.79303140     1.54198104
  2.9264     0.09803111    -0.85046667     5.07003885     1.34872131
  2.9294     0.08605111    -0.84751259     4.31601059     1.49380347
  2.9324     0.09493407    -0.84572444     5.23321239     1.43186547
  2.9354     0.09746593    -0.84763259     5.19817096     1.53271721
  2.9384     0.10907704    -0.84782667     6.36490189     1.47614529
  2.9415     0.09155630    -0.83926370     4.33969817     1.44156571
  2.9445     0.09726889    -0.83815111     5.08299012     1.42131692
  2.9475     0.09352222    -0.83535111     5.70638148     1.43039424
  2.9505     0.09264593    -0.83523111     4.91634813     1.31206514
  2.9535     0.09802222    -0.83710815     5.32485619     1.43382447
  2.9565     0.09386370    -0.83381630     4.85479875     1.33256004
  2.9595     0.09698074    -0.83132593     5.20327613     1.35393851
  2.9626     0.09966519    -0.83203852     5.47876514     1.38747454
  2.9656     0.08987259    -0.83233333     5.10040667     1.34752607
  2.9686     0.09394593    -0.83210667     5.04933309     1.33865851
  2.9716     0.09442519    -0.82934074     5.23877515     1.43462372
  2.9746     0.10050963    -0.82546963     5.14105861     1.48587365
  2.9776     0.09331556    -0.82801185     4.53825196     1.34205032
  2.9807     0.09344074    -0.82300148     4.87253860     1.27027922
  2.9837     0.08521333    -0.82103259     4.23471988     1.29457570
  2.9867     0.09271111    -0.82245333     4.94711149     1.37351548
  2.9897     0.09923481    -0.82337333     5.20421641     1.30238775
  2.9927     0.08681333    -0.81911111     3.96049455     1.32409559
  2.9957     0.09163333    -0.81887704     4.44465216     1.34401860
  2.9987     0.09269333    -0.82106815     4.51042515     1.26479259
  3.0018     0.08377926    -0.81173037     4.03222688     1.34525838
  3.0048     0.09402148    -0.82243111     4.85043261     1.35825760
  3.0078     0.09153481    -0.81332593     4.74133154     1.32140313
  3.0108     0.08810815    -0.81245333     4.17890374     1.29905128
  3.0138     0.08645704    -0.80793481     4.07977495     1.27056438
  3.0168     0.08956593    -0.81092889     4.29546840     1.27476766
  3.0198     0.10020593    -0.81305481     5.43661194     1.34377664
  3.0229     0.08738074    -0.80614222     4.31139063     1.28835134
  3.0259     0.08684370    -0.80717926     4.40255953     1.26756162
  3.0289     0.08684519    -0.80664148     4.25940062     1.28558645
  3.0319     0.08542222    -0.80593778     4.28146446     1.26146958
  3.0349     0.08747778    -0.80305778     4.29136885     1.30445859
  3.0379     0.09240667    -0.79970815     4.42134879     1.29444573
  3.0410     0.09188963    -0.80093185     4.59879356     1.24888184
  3.0440     0.09500741    -0.80079852     4.57027644     1.22893713
  3.0470     0.08565407    -0.79751852     3.74617538     1.28505153
  3.0500     0.08521704    -0.79880444     3.56778410     1.18235140
