# T        <M>         <E>           chi            C            frac_acept
  1.5500     0.98358500    -1.94126206     0.40944566     2.75823599     0.01635577
  1.5520     0.98337000    -1.94068406     0.42921952     2.88356298     0.01626225
  1.5540     0.98327600    -1.94020406     0.42012205     2.82542183     0.01665633
  1.5560     0.98272500    -1.93858404     0.44484915     2.91598099     0.01693439
  1.5580     0.98291100    -1.93901798     0.43786380     2.90986060     0.01698740
  1.5600     0.98239700    -1.93744802     0.44842104     2.95721386     0.01718644
  1.5620     0.98278000    -1.93892605     0.46050053     2.93607508     0.01711642
  1.5640     0.98242200    -1.93733395     0.44249230     2.97953134     0.01737047
  1.5660     0.98180300    -1.93563403     0.48357112     3.11174897     0.01781456
  1.5680     0.98246700    -1.93745202     0.43391619     2.89046215     0.01730846
  1.5700     0.98229000    -1.93686402     0.45934630     2.96177834     0.01767053
  1.5720     0.98171200    -1.93524596     0.49446609     3.13139162     0.01808112
  1.5740     0.98138100    -1.93441596     0.51931552     3.01217330     0.01820414
  1.5760     0.98181000    -1.93519800     0.46806281     3.13182812     0.01813963
  1.5780     0.98129500    -1.93370806     0.49109304     3.19412687     0.01848970
  1.5800     0.98113300    -1.93360995     0.53390837     3.19120838     0.01868824
  1.5820     0.98101200    -1.93292000     0.49856952     3.11713479     0.01868974
  1.5840     0.98060900    -1.93159200     0.51959290     3.21855813     0.01925685
  1.5860     0.98108900    -1.93279995     0.47553354     3.08100585     0.01877025
  1.5880     0.98097900    -1.93260398     0.51186733     3.24613953     0.01896829
  1.5900     0.98092300    -1.93225398     0.46340420     2.96071920     0.01917333
  1.5920     0.98093400    -1.93217197     0.45595688     2.92333752     0.01893879
  1.5940     0.98025000    -1.93032396     0.51424178     3.17481657     0.01951090
  1.5960     0.97958600    -1.92822405     0.55668588     3.41618820     0.02014453
  1.5980     0.97984800    -1.92885797     0.53007124     3.38067512     0.01969044
  1.6000     0.97926300    -1.92680404     0.51604640     3.26507789     0.02051760
  1.6020     0.97930900    -1.92729006     0.56514895     3.37324547     0.02015053
  1.6040     0.97956700    -1.92775602     0.50592257     3.14124230     0.02021404
  1.6060     0.97904900    -1.92721997     0.60460594     3.34598454     0.02064113
  1.6080     0.97974700    -1.92869404     0.56619216     3.47429838     0.02027255
  1.6100     0.97934600    -1.92688606     0.52265818     3.30077002     0.02047560
  1.6120     0.97910800    -1.92599806     0.51478759     3.30821377     0.02085617
  1.6140     0.97791400    -1.92345802     0.63218527     3.53526561     0.02144579
  1.6160     0.97810900    -1.92346806     0.59436116     3.41282683     0.02149030
  1.6180     0.97806400    -1.92307004     0.55357763     3.29891261     0.02166783
  1.6200     0.97837900    -1.92401005     0.55278756     3.32755899     0.02153831
  1.6220     0.97862600    -1.92445400     0.53596451     3.30232985     0.02123225
  1.6240     0.97684500    -1.91991606     0.70309925     3.86702699     0.02254301
  1.6260     0.97791000    -1.92258798     0.56681659     3.44022568     0.02192088
  1.6280     0.97682100    -1.91959400     0.65663915     3.67230640     0.02268704
  1.6300     0.97706500    -1.91972405     0.60555290     3.57880256     0.02237297
  1.6320     0.97744500    -1.92059801     0.58687278     3.59801079     0.02247049
  1.6340     0.97681500    -1.91957198     0.65998745     3.69094274     0.02287758
  1.6360     0.97660100    -1.91780997     0.61152752     3.58881175     0.02302160
  1.6380     0.97580500    -1.91652602     0.70730557     3.67781142     0.02339968
  1.6400     0.97659500    -1.91882796     0.64275344     3.58680145     0.02302611
  1.6420     0.97610600    -1.91662005     0.63568363     3.63376899     0.02366723
  1.6440     0.97574500    -1.91550804     0.62825814     3.64026568     0.02391078
  1.6460     0.97515800    -1.91383399     0.67673019     3.69037852     0.02415283
  1.6480     0.97478800    -1.91295002     0.71851458     3.94775791     0.02461792
  1.6500     0.97478200    -1.91233596     0.66838357     3.73904540     0.02475095
  1.6520     0.97491600    -1.91283199     0.64947291     3.75813813     0.02459642
  1.6540     0.97473600    -1.91249996     0.67292869     3.71536464     0.02476695
  1.6560     0.97580500    -1.91554801     0.64640634     3.67121742     0.02424435
  1.6580     0.97387300    -1.91004006     0.72775368     3.89264166     0.02547409
  1.6600     0.97359600    -1.90933806     0.74779646     3.79641483     0.02559162
  1.6620     0.97542000    -1.91393201     0.61051196     3.60420284     0.02443739
  1.6640     0.97427400    -1.91160798     0.71108846     3.77723218     0.02512102
  1.6660     0.97364800    -1.90911397     0.72040843     3.82780946     0.02554211
  1.6680     0.97380300    -1.90976396     0.73288691     3.87419450     0.02583117
  1.6700     0.97314700    -1.90726406     0.70906809     3.85353386     0.02641428
  1.6720     0.97299200    -1.90656800     0.73342396     3.98418868     0.02644479
  1.6740     0.97108900    -1.90313204     0.98152563     4.34524928     0.02740748
  1.6760     0.97233100    -1.90545598     0.77163829     3.94178320     0.02676585
  1.6780     0.97231900    -1.90651606     1.02960764     4.09996902     0.02666083
  1.6800     0.97258400    -1.90549601     0.76578687     4.04274786     0.02691438
  1.6820     0.97177900    -1.90450196     1.01946709     4.20311651     0.02750750
  1.6840     0.97144300    -1.90236006     0.80726577     4.18960899     0.02772605
  1.6860     0.97123600    -1.90177796     0.81419691     4.27353121     0.02815013
  1.6880     0.97141500    -1.90219202     0.75581692     4.01961501     0.02791358
  1.6900     0.97077500    -1.90078799     0.86568899     4.27447796     0.02852420
  1.6920     0.96977600    -1.89851796     0.95941116     4.36046372     0.02905331
  1.6940     0.97112100    -1.90115805     0.80036179     4.21454623     0.02837367
  1.6960     0.97061900    -1.89966401     0.79789491     4.13828033     0.02879226
  1.6980     0.97066500    -1.89958994     0.82676358     4.23775172     0.02866623
  1.7000     0.97018200    -1.89815596     0.84018821     4.39492668     0.02928736
  1.7020     0.96972200    -1.89794204     0.92057982     4.39645549     0.02953341
  1.7040     0.96873000    -1.89557399     1.18147771     4.75149311     0.02973545
  1.7060     0.96974600    -1.89694800     0.80568713     4.11306766     0.02950690
  1.7080     0.96994600    -1.89782800     0.81218547     4.04864758     0.02967043
  1.7100     0.96895100    -1.89522198     0.96292527     4.51345462     0.03011452
  1.7120     0.96753800    -1.89049400     0.93154886     4.44480851     0.03096019
  1.7140     0.96847400    -1.89340006     0.82922450     4.00843174     0.03040508
  1.7160     0.96886700    -1.89426800     0.88771044     4.27786464     0.03064963
  1.7180     0.96826900    -1.89310404     0.97257117     4.33443335     0.03086467
  1.7200     0.96796500    -1.89131198     0.89751600     4.45735198     0.03148330
  1.7220     0.96755900    -1.89011806     0.92694642     4.48661601     0.03162833
  1.7240     0.96677100    -1.88811600     0.94650177     4.43287587     0.03216093
  1.7260     0.96765800    -1.89061598     0.97859959     4.46103428     0.03160882
  1.7280     0.96695400    -1.88817196     0.96579462     4.70548457     0.03212593
  1.7300     0.96703500    -1.88862999     0.92048397     4.32854622     0.03216443
  1.7320     0.96671000    -1.88806797     0.99501967     4.65291561     0.03225595
  1.7340     0.96629700    -1.88632797     0.93479703     4.42697835     0.03270404
  1.7360     0.96515300    -1.88510796     1.23662856     4.67464492     0.03334467
  1.7380     0.96569800    -1.88482206     0.98487124     4.65796533     0.03307912
  1.7400     0.96604800    -1.88535200     0.94309573     4.58321943     0.03322264
  1.7420     0.96478400    -1.88174394     1.01749202     4.62952881     0.03413883
  1.7440     0.96503900    -1.88254000     0.96341934     4.64566831     0.03389978
  1.7460     0.96380800    -1.88044201     1.15584145     4.88286749     0.03486997
  1.7480     0.96403900    -1.87963800     0.94521610     4.42550514     0.03450040
  1.7500     0.96433100    -1.88061203     1.02768387     4.68688895     0.03473945
  1.7520     0.96266800    -1.87688801     1.25730554     5.20408881     0.03586517
  1.7540     0.96360500    -1.87933795     1.12904266     4.71221590     0.03531106
  1.7560     0.96383500    -1.87925595     1.07705981     4.88719628     0.03508452
  1.7580     0.96183000    -1.87425401     1.37129550     5.15083996     0.03623625
  1.7600     0.96170000    -1.87329397     1.23155305     5.27786573     0.03697540
  1.7620     0.96261800    -1.87570397     1.13497742     4.95154866     0.03612973
  1.7640     0.96171000    -1.87272202     1.14559724     4.92629060     0.03657381
  1.7660     0.96083600    -1.87136398     1.23702848     5.16870214     0.03747399
  1.7680     0.96040900    -1.87021603     1.35108382     5.42876370     0.03777956
  1.7700     0.96156700    -1.87288600     1.23654528     5.04766099     0.03703541
  1.7720     0.96162600    -1.87318204     1.25712528     5.22313292     0.03689188
  1.7740     0.96059800    -1.87157800     1.52480429     5.41755545     0.03768354
  1.7760     0.96034200    -1.86910203     1.19991062     5.01241190     0.03820664
  1.7780     0.96103300    -1.87087402     1.26863922     5.42314727     0.03775405
  1.7800     0.95824200    -1.86391000     1.43528538     5.45566087     0.03952340
  1.7820     0.95879800    -1.86581598     1.45462640     5.61766743     0.03927235
  1.7840     0.95888700    -1.86531801     1.29781058     5.33299491     0.03946739
  1.7860     0.95858400    -1.86439998     1.32749090     5.51769433     0.03977596
  1.7880     0.95930500    -1.86571798     1.23931930     5.18762248     0.03952140
  1.7900     0.95843400    -1.86319006     1.25742359     5.24670920     0.04018154
  1.7920     0.95850200    -1.86343597     1.30055578     5.56308719     0.03992198
  1.7940     0.95823700    -1.86350200     1.31312996     5.26055680     0.03996849
  1.7960     0.95619300    -1.85887604     1.73523488     5.99772308     0.04125825
  1.7980     0.95766400    -1.86150796     1.35965200     5.28978840     0.04087668
  1.8000     0.95717100    -1.85986406     1.40642497     5.46507657     0.04127175
  1.8020     0.95665300    -1.85882001     1.46433992     5.60472244     0.04158632
  1.8040     0.95623100    -1.85766398     1.42434142     5.55009783     0.04170284
  1.8060     0.95566900    -1.85596800     1.46991581     5.62122227     0.04223245
  1.8080     0.95613000    -1.85607001     1.34762314     5.47635355     0.04231496
  1.8100     0.95589400    -1.85611000     1.39832036     5.43353342     0.04244349
  1.8120     0.95589400    -1.85574199     1.38758638     5.44902531     0.04257151
  1.8140     0.95364100    -1.85098401     1.68428967     5.85499135     0.04370524
  1.8160     0.95414800    -1.85262405     1.61071327     5.69367724     0.04376325
  1.8180     0.95296600    -1.84886805     1.60354625     5.93106720     0.04461742
  1.8200     0.95352700    -1.85055195     1.57101539     5.67468753     0.04408682
  1.8220     0.95345400    -1.85024595     1.52829646     5.44654634     0.04439238
  1.8240     0.95250600    -1.84790801     1.66774014     6.01264257     0.04507752
  1.8260     0.95175800    -1.84584598     1.88871123     6.17775497     0.04543259
  1.8280     0.95223600    -1.84577601     1.50927414     5.60193373     0.04560462
  1.8300     0.95048400    -1.84247801     1.75490208     5.78669787     0.04646479
  1.8320     0.95122400    -1.84385798     1.79714376     6.23875699     0.04614423
  1.8340     0.94885200    -1.83918802     1.76458970     5.78685036     0.04781156
  1.8360     0.95249400    -1.84711596     1.52100117     5.60082179     0.04572464
  1.8380     0.95027200    -1.84134001     1.81025316     6.07751462     0.04697690
  1.8400     0.95050300    -1.84099597     1.53996004     5.76315611     0.04743849
  1.8420     0.95040500    -1.84056197     1.61294728     6.03437428     0.04768554
  1.8440     0.94840400    -1.83701204     1.96770031     6.19255557     0.04861622
  1.8460     0.94812200    -1.83550797     1.86395099     6.33862349     0.04918084
  1.8480     0.94966200    -1.83921001     1.66360576     5.98027561     0.04812563
  1.8500     0.95036400    -1.83920005     1.55233064     5.85992992     0.04773905
  1.8520     0.94707400    -1.83310405     1.88749542     6.09399134     0.04963443
  1.8540     0.94592100    -1.83116405     2.11913123     6.45901185     0.05028506
  1.8560     0.94704200    -1.83158195     1.77699924     6.28481115     0.05037908
  1.8580     0.94712400    -1.83325001     1.96093733     6.26882577     0.04998050
  1.8600     0.94741000    -1.83225600     1.77323598     6.20974908     0.04986697
  1.8620     0.94621200    -1.83100000     2.36323043     6.88926241     0.05074115
  1.8640     0.94695300    -1.83148202     1.96718727     6.62729862     0.05056961
  1.8660     0.94526900    -1.82682994     1.85150265     6.28888876     0.05173285
  1.8680     0.94266100    -1.82504796     3.84293663     7.39025832     0.05232897
  1.8700     0.94516100    -1.82674802     2.05118304     6.61081095     0.05187988
  1.8720     0.94343800    -1.82227596     2.05423057     6.76273998     0.05336967
  1.8740     0.94321000    -1.82232997     2.08623861     6.84989034     0.05333717
  1.8760     0.94372600    -1.82459800     2.25142808     6.63630767     0.05312212
  1.8780     0.94138400    -1.81696404     1.97540705     6.47349860     0.05484447
  1.8800     0.94185400    -1.81866195     2.13059269     6.92729864     0.05450190
  1.8820     0.94209000    -1.81862596     2.21891308     6.68523524     0.05444989
  1.8840     0.94056400    -1.81523796     2.45989177     7.25769460     0.05524255
  1.8860     0.94017400    -1.81400003     2.21327316     6.71970932     0.05598070
  1.8880     0.94169800    -1.81770405     1.97257869     6.27017392     0.05483797
  1.8900     0.94179200    -1.81817194     2.30439918     6.98739754     0.05471894
  1.8920     0.94007000    -1.81305803     2.22646285     6.76046187     0.05628726
  1.8940     0.94146100    -1.81632201     1.97608272     6.51056450     0.05569964
  1.8960     0.94081000    -1.81589000     2.06545488     6.39538612     0.05572164
  1.8980     0.94059700    -1.81359400     2.11983528     6.76209179     0.05580466
  1.9000     0.93876600    -1.81020802     2.24815275     6.86640996     0.05756601
  1.9020     0.93809900    -1.80919199     2.40645168     7.08033746     0.05760502
  1.9040     0.93586700    -1.80328999     2.58004133     7.12866399     0.05900530
  1.9060     0.93654100    -1.80461804     2.27015566     6.65499472     0.05909532
  1.9080     0.93537500    -1.80245596     2.76458411     7.38840388     0.05978096
  1.9100     0.93535200    -1.80169202     2.70063443     7.56388339     0.06003001
  1.9120     0.93693200    -1.80354795     2.09978534     6.78789875     0.05939638
  1.9140     0.93558700    -1.80177801     2.42979726     7.15743979     0.05991998
  1.9160     0.93523000    -1.80051194     2.39188505     7.20168132     0.06033157
  1.9180     0.93638900    -1.80239005     2.34764267     7.12670522     0.05985997
  1.9200     0.93299800    -1.79595003     2.68535979     7.49175606     0.06194539
  1.9220     0.93647000    -1.80292198     2.27011854     6.88611732     0.05993949
  1.9240     0.93323500    -1.79618395     2.90299665     7.69881512     0.06214743
  1.9260     0.93369600    -1.79671595     2.44373776     6.95063992     0.06184787
  1.9280     0.93267200    -1.79329598     2.58264917     7.46587493     0.06257702
  1.9300     0.93410400    -1.79550800     2.44975710     7.34462128     0.06214543
  1.9320     0.92896600    -1.78763203     3.40063031     7.64209477     0.06454191
  1.9340     0.92962100    -1.78775206     2.97458995     7.49039244     0.06447840
  1.9360     0.92461100    -1.78261606     6.50585568     8.48455887     0.06654181
  1.9380     0.92885100    -1.78661598     3.14279759     7.35804478     0.06550460
  1.9400     0.92906100    -1.78584805     3.25132859     8.16211781     0.06552410
  1.9420     0.92757500    -1.78159400     2.98199262     8.19448216     0.06648080
  1.9440     0.92597100    -1.78028801     3.73722393     8.12093601     0.06694489
  1.9460     0.92563000    -1.78005405     3.92867112     8.34267311     0.06729346
  1.9480     0.92726100    -1.78214598     3.21807891     7.86882027     0.06697540
  1.9500     0.92100900    -1.77421603     5.21408583     8.59983303     0.06920434
  1.9520     0.92663500    -1.77924404     3.19613535     8.03769616     0.06742599
  1.9540     0.92520300    -1.77665203     3.24055011     7.95172931     0.06853121
  1.9560     0.92623800    -1.77890794     3.11418948     8.15525305     0.06799560
  1.9580     0.92166800    -1.76896397     3.86741718     8.73171294     0.07109972
  1.9600     0.92556000    -1.77787396     3.30437595     7.61775090     0.06825565
  1.9620     0.92688400    -1.77883804     2.67941068     7.55001497     0.06827365
  1.9640     0.92243600    -1.77136196     3.56870204     8.23555579     0.07050510
  1.9660     0.92262400    -1.77218800     3.68706631     8.14113450     0.07075665
  1.9680     0.92363300    -1.77115399     3.35165157     8.10599640     0.07044859
  1.9700     0.92146000    -1.76640000     3.40651456     8.18628469     0.07174435
  1.9720     0.92009100    -1.76316799     3.49475732     8.23111257     0.07288858
  1.9740     0.91794200    -1.76260804     4.63189017     8.40109290     0.07325715
  1.9760     0.92170500    -1.76605999     3.19380143     8.17803688     0.07180036
  1.9780     0.91658000    -1.75844596     4.31742941     8.56983169     0.07484047
  1.9800     0.91871900    -1.76123196     3.66185342     8.32449140     0.07416783
  1.9820     0.91771700    -1.75832203     3.68999836     8.31508617     0.07473995
  1.9840     0.91406600    -1.75156997     4.23158605     8.90216026     0.07689488
  1.9860     0.91527600    -1.75609196     4.88099555     9.21767246     0.07543809
  1.9880     0.91422200    -1.75054195     4.14379807     9.06373689     0.07739398
  1.9900     0.91487000    -1.75249596     4.16579040     8.65905055     0.07645329
  1.9920     0.91522800    -1.75434400     4.15489197     8.76119924     0.07616723
  1.9940     0.91404800    -1.75264796     4.93000695     8.73948027     0.07685237
  1.9960     0.91380800    -1.75073802     3.94462415     8.30704343     0.07753901
  1.9980     0.91313600    -1.74729996     3.76913570     8.13577434     0.07856121
  2.0000     0.91040700    -1.74452796     4.99164635     9.10354170     0.07966543
  2.0020     0.91345900    -1.74657605     3.88244534     8.74005742     0.07850520
  2.0040     0.91117700    -1.74502806     4.65222670     8.86239305     0.07939638
  2.0060     0.91182000    -1.74525404     4.29559361     8.81308422     0.07942689
  2.0080     0.90425800    -1.73736394     7.74009187    10.06525985     0.08246849
  2.0100     0.90959700    -1.74051402     5.15267840     9.14105171     0.08064363
  2.0120     0.90618300    -1.73556805     6.26190181     9.58922121     0.08198690
  2.0140     0.91178200    -1.74321802     3.89773675     8.36821223     0.07985097
  2.0160     0.90236900    -1.72905004     6.22153860     9.56252709     0.08453041
  2.0180     0.90548100    -1.73199600     4.73542058     9.28296430     0.08353221
  2.0200     0.90103400    -1.72640795     6.17066647     9.94623130     0.08532256
  2.0220     0.90607800    -1.73409599     5.40458675     9.50868019     0.08366473
  2.0240     0.90332400    -1.72820995     4.78042961     8.98302319     0.08494549
  2.0260     0.90704800    -1.73306601     4.12954154     8.69891736     0.08372324
  2.0280     0.89679300    -1.71823606     7.45992377    10.50258849     0.08857271
  2.0300     0.89774200    -1.72103002     8.64178053    10.77470289     0.08738448
  2.0320     0.90116800    -1.72138594     5.22221970     9.20326276     0.08723295
  2.0340     0.90203000    -1.72447794     5.54909147     9.81842580     0.08697690
  2.0360     0.90044000    -1.71972203     5.69857643     9.86865421     0.08774355
  2.0380     0.90166200    -1.72259597     5.19396716     9.22529952     0.08707792
  2.0400     0.89472200    -1.71341605     7.50783121    10.75543156     0.08995199
  2.0420     0.89999900    -1.71862595     4.84596149     9.42372690     0.08833567
  2.0440     0.89551400    -1.71118595     5.66932280     9.84359016     0.09096169
  2.0460     0.89357400    -1.70723797     7.11830125    10.72854556     0.09220444
  2.0480     0.88453500    -1.69972195    10.77917843    10.51686598     0.09471994
  2.0500     0.89249900    -1.70709396     8.79234319    11.90674131     0.09226295
  2.0520     0.89244100    -1.70441403     6.19128780    10.26491648     0.09336167
  2.0540     0.89342400    -1.70590598     6.31527482    10.77062949     0.09308162
  2.0560     0.88950300    -1.70022000     6.79846034    10.04657741     0.09522504
  2.0580     0.88873700    -1.69701598     6.48188344    10.89618407     0.09581116
  2.0600     0.88848300    -1.69886805     7.25514883    10.76112811     0.09514453
  2.0620     0.89292700    -1.70467400     5.84922390     9.64345507     0.09350670
  2.0640     0.88232500    -1.69142202    10.20182008    11.74466330     0.09823615
  2.0660     0.88340400    -1.69117595     9.49067475    10.81004267     0.09776955
  2.0680     0.88625200    -1.69042204     7.61683348    11.86649940     0.09807161
  2.0700     0.87654799    -1.68806594    18.67330743    12.26178045     0.09971594
  2.0720     0.88454300    -1.69426000    10.81631824    11.07983552     0.09744199
  2.0740     0.88281400    -1.68524606     7.21137763    10.49535641     0.09998050
  2.0760     0.88519300    -1.68877004     7.27319724    10.70931843     0.09935187
  2.0780     0.88418000    -1.68654997     6.51318281    10.03779769     0.09982947
  2.0800     0.88254400    -1.68311797     7.26125475    10.44904051     0.10076465
  2.0820     0.88942500    -1.69203996     6.22301257    10.64455715     0.09802610
  2.0840     0.87617000    -1.67790998    12.74492112    11.71986645     0.10297259
  2.0860     0.87399800    -1.66916198     7.94920669    11.13097332     0.10574215
  2.0880     0.86437500    -1.65995601    15.24017424    13.36409648     0.10854571
  2.0900     0.87089700    -1.66947196    11.24569422    11.60887906     0.10560962
  2.0920     0.87259100    -1.67352398    12.87396896    11.77640480     0.10527956
  2.0940     0.87783400    -1.67146196     7.40171486    10.79449178     0.10474345
  2.0960     0.87502100    -1.67221203    10.73615063    11.63943656     0.10513653
  2.0980     0.88199600    -1.67617595     6.01115408    10.18679779     0.10298060
  2.1000     0.85816900    -1.65189001    13.08312146    12.74087831     0.11185637
  2.1020     0.87289800    -1.66524800     8.56194390    11.64469781     0.10726195
  2.1040     0.87211000    -1.66413200     9.10723403    11.28256038     0.10771654
  2.1060     0.86373000    -1.65197000    11.95675204    12.65387377     0.11200190
  2.1080     0.86556600    -1.65898198    13.65379626    12.84222389     0.10972494
  2.1100     0.85095700    -1.64153003    19.38415773    14.62528109     0.11526705
  2.1120     0.86472000    -1.65533206    13.73231835    11.71657492     0.11115623
  2.1140     0.84639300    -1.63903203    21.09230712    13.83283284     0.11665233
  2.1160     0.87287000    -1.66113999     7.62946270    11.33662744     0.10893279
  2.1180     0.85614300    -1.64331205    12.25700325    12.01820011     0.11505001
  2.1200     0.85988700    -1.64512805    12.56438040    12.42018483     0.11435287
  2.1220     0.86862000    -1.65426203     9.75648779    12.36363352     0.11124875
  2.1240     0.85667100    -1.63510995    11.11618841    13.08641603     0.11735647
  2.1260     0.85386100    -1.63584396    12.74271146    13.11626496     0.11775855
  2.1280     0.83330997    -1.62268001    36.44479287    14.79876408     0.12243949
  2.1300     0.85839800    -1.63921403    10.75272156    12.73754436     0.11694589
  2.1320     0.85261900    -1.63599802    17.08752935    13.20986225     0.11781856
  2.1340     0.85802100    -1.63640595    10.35747971    12.61839261     0.11719244
  2.1360     0.83453800    -1.60974399    17.74684521    13.85612433     0.12631926
  2.1380     0.86071400    -1.63744998     8.59888986    11.71007967     0.11811962
  2.1400     0.81649800    -1.60730801    54.50119126    17.96764284     0.12795009
  2.1420     0.84020800    -1.61576395    21.10558912    15.15137216     0.12479346
  2.1440     0.84549300    -1.61480201    11.36172100    12.54497394     0.12496499
  2.1460     0.85029200    -1.62208798    11.35046293    13.15238985     0.12262352
  2.1480     0.82518300    -1.60400196    33.80189652    15.91894950     0.12915183
  2.1500     0.83769299    -1.61279998    20.08718510    14.12189320     0.12619624
  2.1520     0.83655975    -1.61118852    85.56552899    55.18658630     0.12686609
  2.1540     0.83697350    -1.60807403    71.50020921    56.16236676     0.12803378
  2.1560     0.82049450    -1.59725300   140.83340911    65.27691679     0.13184772
  2.1580     0.82540148    -1.59684202   107.65592045    61.46090957     0.13191435
  2.1600     0.81979975    -1.59269701   113.54086888    61.09708677     0.13337529
  2.1620     0.82697347    -1.59713695   106.88936090    59.64707801     0.13194110
  2.1640     0.82966573    -1.59604550    76.67136300    55.73217516     0.13212386
  2.1660     0.82646250    -1.59180296    84.89434848    59.30409588     0.13342017
  2.1680     0.81842849    -1.58763948    98.73579447    60.94309004     0.13555353
  2.1700     0.82096497    -1.59005195   109.84775637    58.92561134     0.13459698
  2.1720     0.80373772    -1.57321944   175.72022055    65.37643165     0.14000988
  2.1740     0.82178150    -1.58390344    74.56680049    56.54179045     0.13675109
  2.1760     0.81316274    -1.57857048   111.66140002    62.02006193     0.13852230
  2.1780     0.80776347    -1.57489301   150.91245596    64.42095242     0.14002763
  2.1800     0.81545249    -1.57930001   108.07927900    60.45689691     0.13849455
  2.1820     0.81508225    -1.57598446    98.24051354    59.57521557     0.13973686
  2.1840     0.80101300    -1.56928498   178.51655753    65.26027828     0.14207823
  2.1860     0.80323299    -1.56669055   139.24563658    64.70488287     0.14264888
  2.1880     0.80044500    -1.56228402   129.24806614    64.23082026     0.14427096
  2.1900     0.80804050    -1.56526645   101.91121360    61.51225396     0.14355543
  2.1920     0.80484250    -1.56263097    97.11831189    62.28740532     0.14451685
  2.1940     0.80784350    -1.56331999    93.73444153    61.88175350     0.14461311
  2.1960     0.79002423    -1.55101046   142.27792551    66.54442770     0.14887832
  2.1980     0.77851048    -1.54609804   223.85832735    71.81796199     0.15044365
  2.2000     0.78910849    -1.54699896   154.08968233    67.79691660     0.15011788
  2.2020     0.79020999    -1.54598800   136.77895624    65.88833883     0.15043627
  2.2040     0.76678550    -1.53395596   231.41371784    76.27319959     0.15504913
  2.2060     0.77681450    -1.54179604   235.10624742    72.53088804     0.15214348
  2.2080     0.76434050    -1.52629004   212.67999368    72.78659150     0.15766151
  2.2100     0.78041074    -1.53603196   146.90573553    68.10252036     0.15452948
  2.2120     0.77246649    -1.52613196   168.90042851    69.40593239     0.15784777
  2.2140     0.77569522    -1.53367849   198.64337283    74.33938105     0.15533639
  2.2160     0.77127799    -1.52237805   160.73126110    67.28555458     0.15910058
  2.2180     0.76384049    -1.51917804   186.91022332    69.88270908     0.16036502
  2.2200     0.76414672    -1.51813803   203.03260246    74.76245231     0.16071554
  2.2220     0.74911173    -1.51350046   287.74006722    77.46042958     0.16276351
  2.2240     0.77281925    -1.52479247   189.71719719    71.42390221     0.15846817
  2.2260     0.77142425    -1.51962203   150.13881696    69.75768153     0.16065078
  2.2280     0.75995147    -1.50750902   172.19147820    67.50369090     0.16450522
  2.2300     0.76628924    -1.51406555   161.90305762    68.83983982     0.16277226
  2.2320     0.73455424    -1.49622997   293.22804796    77.70717818     0.16902308
  2.2340     0.76600749    -1.50948801   142.22281604    68.04711071     0.16460611
  2.2360     0.72451373    -1.48780804   317.60005349    82.35726270     0.17246537
  2.2380     0.75239048    -1.49981154   198.91034165    71.74032399     0.16779689
  2.2400     0.75331174    -1.49826601   184.36348618    69.57830613     0.16838617
  2.2420     0.74262522    -1.49289398   233.58042098    77.13174795     0.17053865
  2.2440     0.73162923    -1.48301654   230.80933998    74.13339253     0.17429771
  2.2460     0.72056324    -1.47721905   281.34452713    77.40307108     0.17618956
  2.2480     0.72067123    -1.47308205   260.64031253    79.88453092     0.17776101
  2.2500     0.73934472    -1.48288652   190.57633522    72.89949676     0.17413021
  2.2520     0.69611723    -1.46149901   353.99873237    84.07221288     0.18182522
  2.2540     0.70930099    -1.46484798   304.93141461    81.26618780     0.18089329
  2.2560     0.70609824    -1.45925547   274.01284888    78.65558207     0.18298877
  2.2580     0.72546647    -1.46984696   241.95218397    81.34377723     0.17928821
  2.2600     0.73197499    -1.47364644   228.86069880    75.91270535     0.17762201
  2.2620     0.71575050    -1.45935405   248.23012968    76.77678610     0.18291102
  2.2640     0.70924424    -1.45750002   256.98187754    74.55332768     0.18381232
  2.2660     0.67599098    -1.44078951   384.80646993    86.85747049     0.18992500
  2.2680     0.69497048    -1.44461253   270.10902886    77.94754062     0.18861993
  2.2700     0.69116624    -1.44537747   330.19114086    78.96389997     0.18826854
  2.2720     0.69226450    -1.44280301   316.80436541    81.14399273     0.18931572
  2.2740     0.64947799    -1.41631104   411.42158473    89.10703463     0.19902770
  2.2760     0.66831999    -1.42666603   346.67074463    83.16022714     0.19497487
  2.2780     0.70518723    -1.44713199   257.76833028    74.01423431     0.18769938
  2.2800     0.68985974    -1.43599999   298.54769509    80.03027597     0.19215748
  2.2820     0.65102323    -1.41778345   411.78443921    85.65942859     0.19885832
  2.2840     0.66786398    -1.42221746   359.01250654    82.22385856     0.19676796
  2.2860     0.66936674    -1.41615899   308.28780751    82.40491026     0.19904020
  2.2880     0.64834623    -1.40817601   379.89988901    86.35734173     0.20214061
  2.2900     0.65056974    -1.40905750   405.66864189    88.38715750     0.20160245
  2.2920     0.63664373    -1.39452597   359.40854577    78.77387895     0.20699885
  2.2940     0.66413849    -1.41392206   348.24669201    82.56424723     0.20064116
  2.2960     0.62770974    -1.39265497   407.19861839    82.57786029     0.20814991
  2.2980     0.61616549    -1.38871248   459.33027154    89.54965461     0.21018751
  2.3000     0.64199998    -1.39526651   369.97713294    82.48668833     0.20713348
  2.3020     0.61662249    -1.38495852   447.91588470    89.73667077     0.21135632
  2.3040     0.61540399    -1.38295403   425.86476013    86.40588731     0.21220011
  2.3060     0.63219899    -1.38874902   381.24449709    82.27628961     0.21020489
  2.3080     0.62051824    -1.37691999   371.67836166    79.49660995     0.21391882
  2.3100     0.60843449    -1.36988649   409.90103348    84.25631185     0.21650357
  2.3120     0.60099523    -1.36606096   435.36541771    84.71591548     0.21818778
  2.3140     0.62085224    -1.37457548   385.34950375    83.69135336     0.21512526
  2.3160     0.61743899    -1.36961848   389.57674885    86.21747018     0.21722486
  2.3180     0.58786223    -1.35712652   445.10202875    83.89113687     0.22183347
  2.3200     0.60145699    -1.36268504   415.21850087    84.44190759     0.21980387
  2.3220     0.59298374    -1.35722799   437.03359819    84.50915993     0.22186297
  2.3240     0.62008273    -1.36935703   375.72351587    79.73322722     0.21749725
  2.3260     0.60623449    -1.35666799   374.12192452    80.87066456     0.22223261
  2.3280     0.56124149    -1.33699899   454.97402752    84.95435874     0.22993200
  2.3300     0.56082073    -1.33430606   452.85025691    80.58656918     0.23019438
  2.3320     0.57732098    -1.34277996   442.13601725    81.37740235     0.22785052
  2.3340     0.58121649    -1.34188150   404.85542439    80.57500083     0.22791202
  2.3360     0.56217448    -1.32873149   431.78613431    79.22429116     0.23258300
  2.3380     0.55577399    -1.32311251   426.77385106    80.17769488     0.23513426
  2.3400     0.54099149    -1.31769502   468.79084531    81.42753590     0.23715173
  2.3420     0.55296499    -1.31962250   427.61964438    77.58156846     0.23631082
  2.3440     0.57248524    -1.32688500   396.32935409    80.37509879     0.23381394
  2.3460     0.52027299    -1.30369546   461.57329987    78.76366139     0.24264676
  2.3480     0.57445024    -1.32974254   377.98277940    79.50560573     0.23279751
  2.3500     0.54127399    -1.31613552   501.27988909    84.88174423     0.23796927
  2.3520     0.54458999    -1.31355502   451.56124493    81.03550532     0.23889607
  2.3540     0.54864824    -1.31081853   427.87544250    77.75687726     0.24012476
  2.3560     0.51341474    -1.29140255   478.11650563    79.29747525     0.24711923
  2.3580     0.49639724    -1.28347648   501.96624687    83.77984033     0.25040652
  2.3600     0.53688649    -1.30345205   443.22128076    77.71906422     0.24283002
  2.3620     0.49179524    -1.27612753   458.47617182    74.40975824     0.25339279
  2.3640     0.52123374    -1.29594500   476.16791710    80.02322669     0.24602418
  2.3660     0.50640499    -1.28180802   434.03016257    72.94866639     0.25124644
  2.3680     0.50446374    -1.27906953   425.78004643    77.47052597     0.25244687
  2.3700     0.52589724    -1.28842050   428.88694202    76.50491775     0.24892157
  2.3720     0.51394749    -1.28333654   448.18562354    78.07351958     0.25108005
  2.3740     0.46868174    -1.25848398   458.17586770    73.50742498     0.26012013
  2.3760     0.48216124    -1.26680354   489.55240989    77.82888134     0.25754050
  2.3780     0.50829923    -1.27530195   427.85676733    75.41468257     0.25405083
  2.3800     0.47835624    -1.25780149   434.94265806    73.63736155     0.26070116
  2.3820     0.47786199    -1.26048796   451.17425193    74.14538068     0.25995712
  2.3840     0.49458424    -1.26302854   412.41920519    73.59070948     0.25905333
  2.3860     0.48549949    -1.26140494   452.92403568    75.65925542     0.25967686
  2.3880     0.49935049    -1.26380603   410.66809614    73.41144617     0.25887544
  2.3900     0.47503199    -1.24811401   438.86714376    73.97744634     0.26455485
  2.3920     0.47876924    -1.25357849   427.07464865    71.95524854     0.26295090
  2.3940     0.44810099    -1.23856998   461.81341710    73.14845287     0.26853005
  2.3960     0.47428049    -1.24876798   416.99578789    68.57664689     0.26430422
  2.3980     0.47756399    -1.24867653   415.03959168    67.44003402     0.26472486
  2.4000     0.44985649    -1.23493200   429.29898209    66.93107080     0.27016488
  2.4020     0.44679549    -1.23160900   429.64409355    68.79835306     0.27148157
  2.4040     0.46034074    -1.23841546   448.60789505    71.55876295     0.26890520
  2.4060     0.41235824    -1.21596246   424.85305934    65.14133600     0.27747750
  2.4080     0.43891974    -1.22416049   419.97890409    66.59539429     0.27399345
  2.4100     0.44771249    -1.22741254   443.90124314    69.90831455     0.27332679
  2.4120     0.44791149    -1.22825252   446.72352669    69.69228632     0.27317728
  2.4140     0.42871699    -1.21947950   434.56521751    68.60101033     0.27648695
  2.4160     0.43505974    -1.21782348   428.28111927    67.69633490     0.27713373
  2.4180     0.41000924    -1.20068500   420.55443790    66.80102011     0.28385007
  2.4200     0.41366924    -1.20820697   451.25083051    69.42647624     0.28108268
  2.4220     0.41476124    -1.20777296   416.11454659    64.56759423     0.28138157
  2.4240     0.42606499    -1.20917052   441.08375831    67.08115314     0.28069703
  2.4260     0.41029724    -1.19993095   395.04863074    62.04846449     0.28447685
  2.4280     0.41533899    -1.20038198   419.93726795    68.59831422     0.28403308
  2.4300     0.40868199    -1.19805803   409.84743183    64.12462348     0.28527214
  2.4320     0.38276599    -1.18669605   412.25216909    59.69378781     0.28971386
  2.4340     0.39245974    -1.18613145   397.48103840    59.76124349     0.28990074
  2.4360     0.38926249    -1.18240947   421.70644296    64.30975349     0.29112568
  2.4380     0.40148249    -1.18821805   376.52590550    59.09371725     0.28955398
  2.4400     0.38941824    -1.18452152   412.27051353    61.38132846     0.29071079
  2.4420     0.40780124    -1.19051405   419.89222618    64.11767210     0.28841230
  2.4440     0.37036975    -1.17486554   388.80657835    57.80492646     0.29443872
  2.4460     0.37139749    -1.17326501   388.59146386    56.85585241     0.29537014
  2.4480     0.37304499    -1.16955144   385.32029334    58.90060821     0.29687247
  2.4500     0.40420474    -1.18141206   385.37583364    62.04403665     0.29224286
  2.4520     0.38902599    -1.18461204   117.57581208    17.47996405     0.29101070
  2.4540     0.40539599    -1.17616804    95.78131832    15.82460894     0.29483147
  2.4560     0.39561699    -1.17152603    86.21702089    13.79492287     0.29604871
  2.4580     0.35063600    -1.15381805    94.06668252    13.89875576     0.30353371
  2.4600     0.36602099    -1.15881196    89.19828362    13.80825714     0.30181536
  2.4620     0.38005199    -1.16145394    87.98265295    14.40824815     0.30060962
  2.4640     0.35021099    -1.15803806   103.18154619    14.15774111     0.30173385
  2.4660     0.38875799    -1.16417803    94.43941409    14.46777728     0.29881726
  2.4680     0.37519699    -1.15944399    93.76296318    14.38256820     0.30175035
  2.4700     0.42035799    -1.17756402    83.83674496    14.96300212     0.29433737
  2.4720     0.34234299    -1.14388604    91.90341703    13.41503539     0.30730246
  2.4740     0.31939399    -1.13751199    92.29519505    13.08630977     0.30987547
  2.4760     0.36414299    -1.15104800    85.38468054    12.05803288     0.30438988
  2.4780     0.34726299    -1.13949806    81.24879680    12.90277433     0.30961042
  2.4800     0.38039099    -1.14695999    80.93689056    13.53821512     0.30605521
  2.4820     0.33127499    -1.13261197    91.10558132    13.56457759     0.31306761
  2.4840     0.31949499    -1.12635799    86.01786075    11.74646060     0.31412783
  2.4860     0.32974499    -1.12925402    80.32335842    11.63534187     0.31362623
  2.4880     0.30500499    -1.11628203    80.52677956    12.91559060     0.31849320
  2.4900     0.34633799    -1.13733999    92.11763215    13.22027204     0.31075165
  2.4920     0.34443399    -1.13274595    86.81855826    14.00023876     0.31223595
  2.4940     0.35485199    -1.13327000    89.40193091    13.47303925     0.31268004
  2.4960     0.33184699    -1.12123803    83.06358882    13.57485183     0.31720094
  2.4980     0.31271599    -1.11362797    79.68723418    12.21320113     0.32102020
  2.5000     0.32343499    -1.11526804    74.89232419    11.43589277     0.31925835
  2.5020     0.33006699    -1.11481198    76.77020422    12.11120316     0.32021754
  2.5040     0.31994899    -1.11444401    78.82059585    11.76784958     0.32057712
  2.5060     0.29890799    -1.10342998    74.51002286    11.99479347     0.32418534
  2.5080     0.28921099    -1.10387195    76.75346744    11.39832144     0.32497800
  2.5100     0.29774899    -1.10818603    69.08211253    11.32482192     0.32315263
  2.5120     0.29421299    -1.10267194    79.43714966    12.48676008     0.32536107
  2.5140     0.26263299    -1.08137603    53.55442599     9.60256076     0.33250100
  2.5160     0.30100999    -1.10417406    78.11338883    12.60684290     0.32495699
  2.5180     0.29311499    -1.10041002    77.41690994    11.67947626     0.32595619
  2.5200     0.29662299    -1.09288597    69.73535022    11.38380375     0.32888328
  2.5220     0.33319999    -1.10420799    78.08624937    12.90733161     0.32503301
  2.5240     0.31321499    -1.10667994    77.64226272    12.26807630     0.32417383
  2.5260     0.29973199    -1.08725200    68.60735780    11.06383642     0.33110722
  2.5280     0.32952099    -1.10563595    82.91069217    12.53429808     0.32481546
  2.5300     0.30213999    -1.09304401    74.04749174    12.13548086     0.33075065
  2.5320     0.31346100    -1.09772599    78.98871047    12.79905499     0.32805161
  2.5340     0.31525599    -1.08765802    74.14442889    11.40372762     0.33109822
  2.5360     0.27736499    -1.08409403    70.30800613    10.68404136     0.33291508
  2.5380     0.27241399    -1.08084997    67.08386465    10.15864910     0.33507401
  2.5400     0.29295399    -1.07838794    73.04358701    11.52952412     0.33518604
  2.5420     0.26809699    -1.07458594    61.51071052    11.03125916     0.33782907
  2.5440     0.32707199    -1.08773998    70.93270816    11.85280535     0.33150580
  2.5460     0.24483599    -1.06177805    53.09602925     9.51461272     0.34286007
  2.5480     0.30108899    -1.07357402    68.12947343    10.93146912     0.33670784
  2.5500     0.27062799    -1.07778195    70.27150982    10.38785176     0.33659132
  2.5520     0.30265099    -1.08284406    67.17496374    11.57796097     0.33440538
  2.5540     0.24792399    -1.06102797    58.56372466     9.62527614     0.34307662
  2.5560     0.25688800    -1.06099001    65.40129086    10.77731666     0.34317113
  2.5580     0.26661899    -1.06630798    65.99283299    10.99774245     0.34171234
  2.5600     0.27763999    -1.06131798    60.98098077    10.14176968     0.34319864
  2.5620     0.25479399    -1.05357804    65.36239863     9.86203064     0.34597219
  2.5640     0.27276899    -1.06700796    66.60753908    11.19754810     0.34147830
  2.5660     0.26594800    -1.05149395    54.76640755     9.67448820     0.34719794
  2.5680     0.27209799    -1.05966602    64.84037367    10.59956053     0.34483247
  2.5700     0.27738099    -1.06447401    66.60245078    11.15186327     0.34299110
  2.5720     0.25642199    -1.05705598    57.20657241    10.21848795     0.34568014
  2.5740     0.24903199    -1.04808000    56.42358173     9.75907153     0.34959942
  2.5760     0.26643599    -1.05332603    60.81234742     9.98777510     0.34718994
  2.5780     0.25128699    -1.04439600    52.04123915     9.29006000     0.35034007
  2.5800     0.22482300    -1.03715600    50.72439197     9.27749293     0.35378726
  2.5820     0.25340799    -1.04578602    60.25826042    10.31388987     0.35097670
  2.5840     0.26555899    -1.04372799    57.06460567    10.10046832     0.35105071
  2.5860     0.28757899    -1.05168205    61.55094330    10.47450425     0.34778156
  2.5880     0.25194500    -1.03757398    49.65637673     9.07455155     0.35406681
  2.5900     0.24369099    -1.04544400    49.97688586     8.77136255     0.35058662
  2.5920     0.24722599    -1.03981400    59.16121959     9.75598447     0.35250250
  2.5940     0.27736499    -1.05164601    62.37426920    10.40262341     0.34848520
  2.5960     0.25725199    -1.04239801    61.71749717     9.94717330     0.35266603
  2.5980     0.23431299    -1.02531799    49.95000320     8.58706396     0.35883877
  2.6000     0.24370699    -1.03229803    56.37575717     9.24274952     0.35622274
  2.6020     0.25653499    -1.03412596    52.44495566     9.13259261     0.35535057
  2.6040     0.22017300    -1.01784196    48.79611281     8.67446840     0.36187788
  2.6060     0.23369800    -1.01957399    53.52329596     8.90699208     0.36097069
  2.6080     0.25635899    -1.02871201    54.45144940     9.32192192     0.35813263
  2.6100     0.25863499    -1.02958204    51.81789130     9.13836721     0.35806111
  2.6120     0.24143899    -1.02673799    56.95549858     9.51012816     0.35896679
  2.6140     0.23985399    -1.02087202    51.02264981     9.31926907     0.36182887
  2.6160     0.21734900    -1.02198998    49.48049068     9.10282071     0.36105321
  2.6180     0.24009399    -1.01126199    49.96041000     8.68627061     0.36577966
  2.6200     0.22530900    -1.01715599    46.94152067     8.46141976     0.36406281
  2.6220     0.25240599    -1.02323994    50.02728016     9.10220767     0.36133177
  2.6240     0.23318400    -1.01337805    53.79536357     9.19974578     0.36391978
  2.6260     0.23031899    -1.01287194    50.50130545     8.84525068     0.36502300
  2.6280     0.21348899    -1.00652797    45.19581580     8.18211424     0.36736547
  2.6300     0.21105599    -1.00672604    44.57751350     8.26719141     0.36723745
  2.6320     0.20220200    -0.99833594    38.41552783     8.16419811     0.37122875
  2.6340     0.22588000    -1.00784201    44.44467779     8.66855286     0.36709442
  2.6360     0.22847699    -1.01415598    51.55079380     9.22994840     0.36518004
  2.6380     0.22916499    -1.00707003    49.50253754     9.02214831     0.36809812
  2.6400     0.22796200    -0.99905401    45.76533604     8.40236635     0.37152080
  2.6420     0.22969399    -1.00458804    49.59719055     9.14432834     0.36970544
  2.6440     0.22132499    -1.00900395    47.41916082     8.34128154     0.36757652
  2.6460     0.22573199    -0.99577605    49.16964452     9.01344901     0.37224045
  2.6480     0.22791700    -0.99957598    46.13735071     7.88016311     0.37165483
  2.6500     0.22598500    -0.99300801    41.24274534     8.34820642     0.37405031
  2.6520     0.20453400    -0.98913201    37.68331175     7.99227056     0.37532056
  2.6540     0.22580200    -1.00113999    48.14285123     8.80195854     0.37111122
  2.6560     0.20500200    -0.98412001    43.21824080     8.27420138     0.37784157
  2.6580     0.21657000    -0.99397799    41.46815763     7.99668220     0.37478396
  2.6600     0.21375900    -0.98484199    41.63863415     8.36269775     0.37712042
  2.6620     0.21947399    -0.99137997    39.60514389     7.78368689     0.37602170
  2.6640     0.21007800    -0.98825600    44.44596130     8.15186777     0.37641478
  2.6660     0.21646300    -0.98488999    40.68501756     7.75529012     0.37792308
  2.6680     0.19648200    -0.98081999    38.10282657     7.68871268     0.38001550
  2.6700     0.19209700    -0.97765602    39.02534399     7.76579777     0.38137828
  2.6720     0.20886800    -0.98518998    38.70820331     7.78156346     0.37739848
  2.6740     0.20314400    -0.97936197    44.11614076     8.04301283     0.38096069
  2.6760     0.20837700    -0.98528800    37.95437575     7.97639930     0.37894579
  2.6780     0.21790300    -0.97665397    45.89921973     8.28299138     0.38153431
  2.6800     0.19697499    -0.97106398    38.59757464     8.67882615     0.38425935
  2.6820     0.21596300    -0.97865603    39.77483748     8.28247621     0.38126575
  2.6840     0.20671900    -0.97682401    37.91162190     7.82800745     0.38224995
  2.6860     0.19759899    -0.97130999    37.68353860     7.65486521     0.38384377
  2.6880     0.19162600    -0.96495602    33.97229753     7.34101987     0.38638478
  2.6900     0.20968000    -0.97152800    41.04360978     7.79934058     0.38468344
  2.6920     0.18779400    -0.95883198    34.20753209     7.22453812     0.38941588
  2.6940     0.18644000    -0.96523200    35.79200371     7.93272634     0.38655131
  2.6960     0.19470400    -0.96029398    32.41388428     7.21460506     0.38925385
  2.6980     0.19619700    -0.96100002    35.59783558     7.21085618     0.38880126
  2.7000     0.19221200    -0.95937801    33.90588370     7.15393571     0.38953491
  2.7020     0.20518900    -0.96671800    38.23414108     8.19597464     0.38741748
  2.7040     0.20284600    -0.96385998    39.61738805     7.51265972     0.38808062
  2.7060     0.20627499    -0.96409802    40.68265081     7.87842525     0.38837217
  2.7080     0.19891499    -0.96291595    34.28295688     6.92049681     0.38904231
  2.7100     0.20762600    -0.96475997    39.09728854     7.73481678     0.38775005
  2.7120     0.18172800    -0.95321195    31.12488751     6.97583449     0.39295809
  2.7140     0.18160600    -0.95312002    34.05467193     7.14856266     0.39334817
  2.7160     0.20418900    -0.95813005    42.15059713     7.64282435     0.39072164
  2.7180     0.19920600    -0.94931000    37.05668973     7.63338200     0.39508452
  2.7200     0.19508500    -0.95457006    34.83738313     7.31167408     0.39292108
  2.7220     0.18251700    -0.94850402    36.78180180     7.59453394     0.39529156
  2.7240     0.18523600    -0.95315799    32.06104282     7.16954291     0.39320214
  2.7260     0.19293700    -0.95009403    40.69971579     7.94418698     0.39471294
  2.7280     0.18515200    -0.95459398    30.85365119     7.17486762     0.39295959
  2.7300     0.20051800    -0.94389802    35.26196102     7.14819441     0.39692989
  2.7320     0.19135600    -0.94988398    32.51607442     7.29374321     0.39521004
  2.7340     0.19330300    -0.94284599    33.54663910     6.98629371     0.39805311
  2.7360     0.20013800    -0.94846600    37.68244341     7.76662005     0.39586367
  2.7380     0.18387700    -0.94034802    30.15134161     6.79847983     0.39935687
  2.7400     0.19691000    -0.94761800    38.59722673     8.05845074     0.39612172
  2.7420     0.18753000    -0.93879195    33.39405598     7.14120903     0.39955591
  2.7440     0.18551000    -0.93844402    31.99830622     7.03391044     0.40012352
  2.7460     0.18095900    -0.93375999    30.75333522     6.79692978     0.40173835
  2.7480     0.18276500    -0.93565197    30.73643872     7.25090267     0.40130126
  2.7500     0.18821300    -0.94110204    34.00583780     7.13586989     0.39966093
  2.7520     0.18465800    -0.93718597    33.82082900     7.20480443     0.40036857
  2.7540     0.18352600    -0.93274405    30.54268412     7.06796173     0.40289958
  2.7560     0.19368600    -0.93775999    34.07927891     6.93760732     0.40178536
  2.7580     0.17925300    -0.93023803    31.82691559     6.97263830     0.40371874
  2.7600     0.17253000    -0.92928200    30.57121875     6.61788493     0.40444589
  2.7620     0.18521100    -0.92824802    32.18266555     7.47923989     0.40519004
  2.7640     0.17514800    -0.92312801    28.70696554     6.62827435     0.40703141
  2.7660     0.17896400    -0.92489202    28.97755109     6.72195304     0.40617774
  2.7680     0.17033200    -0.92419200    27.84875690     6.63929435     0.40677936
  2.7700     0.18094400    -0.92455598    31.05172905     6.35454149     0.40763103
  2.7720     0.19876300    -0.92626798    37.10024648     7.19103618     0.40643279
  2.7740     0.18037500    -0.92382398    29.83340489     6.82506374     0.40749100
  2.7760     0.18089200    -0.92309205    28.32800530     6.49128669     0.40770154
  2.7780     0.17279400    -0.91798598    28.59677794     6.62401930     0.40993699
  2.7800     0.16348900    -0.91805400    25.53143834     6.40635358     0.41029356
  2.7820     0.16614700    -0.91496999    27.01077256     6.34305280     0.41131276
  2.7840     0.17501200    -0.90994799    29.73870339     6.77352749     0.41371074
  2.7860     0.17455300    -0.91399201    28.98322631     6.54148469     0.41114523
  2.7880     0.16953900    -0.90803201    26.74075201     6.67968459     0.41454591
  2.7900     0.16963500    -0.91260796    27.89244309     6.83156977     0.41299510
  2.7920     0.16595600    -0.91504596    25.53729714     6.03581806     0.41217243
  2.7940     0.16778800    -0.90755595    24.52794754     6.56458066     0.41464193
  2.7960     0.17137000    -0.91328400    26.74728750     6.17811515     0.41265003
  2.7980     0.19328800    -0.92099798    33.81631898     7.05131403     0.41003351
  2.8000     0.16935500    -0.90747801    26.69397740     6.52256635     0.41548110
  2.8020     0.18346200    -0.90594997    28.81881339     6.74024855     0.41613773
  2.8040     0.16869900    -0.90458599    26.76355717     6.37867148     0.41658732
  2.8060     0.19015400    -0.91172202    33.48359398     6.66736028     0.41429336
  2.8080     0.16866200    -0.90485395    29.94799196     6.40936814     0.41657682
  2.8100     0.18102600    -0.90463806    27.91299553     6.27677620     0.41683937
  2.8120     0.16846500    -0.90435206    24.35769410     5.99500628     0.41681336
  2.8140     0.16901100    -0.90579802    26.28222081     6.30530932     0.41663283
  2.8160     0.17722700    -0.90593002    28.77028522     6.80971640     0.41639828
  2.8180     0.17183800    -0.90163397    26.63602345     6.81243169     0.41853371
  2.8200     0.17077300    -0.90150799    27.49746049     6.39819440     0.41951090
  2.8220     0.15860700    -0.89553802    24.38496794     6.00060295     0.42015403
  2.8240     0.16518300    -0.90359400    24.82445864     6.18521944     0.41842118
  2.8260     0.18016500    -0.89686597    27.43368281     6.14491668     0.42063563
  2.8280     0.16540300    -0.89646398    24.42486620     6.31618019     0.42086717
  2.8300     0.16955900    -0.89334203    27.14099226     6.15671469     0.42273155
  2.8320     0.16119000    -0.88763202    22.61995960     6.00180064     0.42424835
  2.8340     0.16109800    -0.88873597    23.30350183     5.94840676     0.42403231
  2.8360     0.16997800    -0.89396403    23.42880142     6.16244965     0.42261452
  2.8380     0.14489500    -0.88747801    20.75158317     5.92083263     0.42503651
  2.8400     0.15593400    -0.88265801    21.30906213     6.30576056     0.42640728
  2.8420     0.15654800    -0.88734798    23.47911965     6.10874307     0.42464093
  2.8440     0.15712000    -0.88623999    23.87014742     6.19629684     0.42526255
  2.8460     0.16537000    -0.88868397    25.29288678     5.87981865     0.42561512
  2.8480     0.15844000    -0.88470397    23.49310316     6.10911506     0.42627876
  2.8500     0.15725300    -0.87926803    25.65839062     6.37777491     0.42893529
  2.8520     0.16832000    -0.88568202    25.16186327     6.40042980     0.42596319
  2.8540     0.16652900    -0.87923202    22.96686764     5.94443852     0.42907832
  2.8560     0.16494800    -0.88247200    25.40472372     5.93204423     0.42771254
  2.8580     0.15564900    -0.87245000    21.82902064     6.10282219     0.43161532
  2.8600     0.15487300    -0.87716998    21.05915546     5.91120852     0.43014053
  2.8620     0.15156300    -0.87658599    22.13856624     5.76298449     0.43101620
  2.8640     0.15645800    -0.87659601    24.50694918     6.10354117     0.43089068
  2.8660     0.16213600    -0.87949202    23.34009415     6.13075800     0.42954441
  2.8680     0.16611000    -0.87718406    24.81719639     5.87019017     0.43063863
  2.8700     0.15185700    -0.87589802    22.65182197     5.45197164     0.43181286
  2.8720     0.14686000    -0.87247401    20.49828375     5.60887382     0.43308012
  2.8740     0.15048500    -0.87232200    21.60879058     5.97338323     0.43294309
  2.8760     0.15753600    -0.86905998    22.94434464     5.73017800     0.43354121
  2.8780     0.16752600    -0.87434202    27.05149778     6.08098628     0.43274005
  2.8800     0.15416600    -0.87014000    21.09002240     5.84131310     0.43411682
  2.8820     0.15171300    -0.86504198    21.69481341     5.78953095     0.43631576
  2.8840     0.15741200    -0.86641398    24.75829913     5.78362175     0.43583117
  2.8860     0.15846000    -0.86919196    23.84138845     5.86619359     0.43527856
  2.8880     0.15337700    -0.86776797    21.30252881     5.89296289     0.43590418
  2.8900     0.16414700    -0.87356198    24.43600490     6.16347403     0.43359172
  2.8920     0.14796300    -0.86141999    21.53450143     5.67574301     0.43820414
  2.8940     0.15656100    -0.86330202    22.66783192     5.52921031     0.43740598
  2.8960     0.16256800    -0.86541003    23.34984289     5.71584526     0.43765403
  2.8980     0.14965800    -0.85725601    21.00448030     5.73842202     0.44062262
  2.9000     0.14765100    -0.85852201    21.74297978     5.45333480     0.44001400
  2.9020     0.15848600    -0.86342998    22.60678983     5.67065634     0.43779456
  2.9040     0.15158200    -0.86015600    20.25120279     5.43638906     0.43913583
  2.9060     0.14783600    -0.86063805    21.16434300     5.89053582     0.44019954
  2.9080     0.14495000    -0.84948002    18.61028414     5.51937292     0.44407782
  2.9100     0.15274200    -0.85404403    21.82357485     5.54096079     0.44280706
  2.9120     0.14703600    -0.85677797    20.17237865     5.45042784     0.44128626
  2.9140     0.15283000    -0.85031201    20.74955139     5.60082470     0.44388728
  2.9160     0.15139100    -0.84964000    19.70129812     5.48624841     0.44361022
  2.9180     0.15518500    -0.85335598    22.63860848     5.55110594     0.44247800
  2.9200     0.15056300    -0.84424400    18.93621366     5.38078364     0.44653531
  2.9220     0.14493600    -0.85273997    19.70880982     5.63171716     0.44362723
  2.9240     0.14021100    -0.84579602    18.73163532     5.56123772     0.44574065
  2.9260     0.13783600    -0.84801200    19.77009556     5.46501473     0.44465843
  2.9280     0.15416200    -0.85480001    22.23833870     5.59327617     0.44231446
  2.9300     0.13782100    -0.84292601    17.78602471     5.66091714     0.44702941
  2.9320     0.15493200    -0.84608000    21.60451565     5.70937842     0.44602871
  2.9340     0.14853100    -0.84477598    19.54948917     5.34675262     0.44744149
  2.9360     0.13634600    -0.84290200    17.44423706     5.46339698     0.44829016
  2.9380     0.13711100    -0.83826002    18.24186774     5.37369935     0.44899280
  2.9400     0.13953400    -0.84030199    19.25390481     5.34340746     0.44908232
  2.9420     0.15129100    -0.84468201    19.92789320     5.13736721     0.44789208
  2.9440     0.13639100    -0.83893197    19.23653939     5.14908478     0.44971094
  2.9460     0.14766600    -0.84141402    19.91245389     5.46561178     0.44906131
  2.9480     0.14497400    -0.84043600    19.92898284     5.20423786     0.44895429
  2.9500     0.13020800    -0.83261201    16.06195119     5.57179894     0.45247950
  2.9520     0.15248600    -0.84132599    21.14792660     5.50796754     0.44955041
  2.9540     0.13921200    -0.83307802    19.38205514     5.32248414     0.45223345
  2.9560     0.13541300    -0.83368002    17.59882336     4.99836790     0.45314013
  2.9580     0.13771600    -0.83555602    19.11898990     5.35004282     0.45137227
  2.9600     0.13469800    -0.83208202    16.61945210     5.01187049     0.45257551
  2.9620     0.13931300    -0.83507198    17.22870249     5.33160351     0.45186987
  2.9640     0.13786700    -0.83204000    18.14290715     5.05720848     0.45249850
  2.9660     0.14048300    -0.83076401    16.55428992     4.88310868     0.45420834
  2.9680     0.14283000    -0.83020799    18.71779366     5.24805304     0.45446039
  2.9700     0.13665700    -0.83102202    16.63588351     5.16860995     0.45361622
  2.9720     0.12935900    -0.83043199    15.62153493     5.34369483     0.45393229
  2.9740     0.13457300    -0.82846801    17.83590020     5.27845198     0.45498050
  2.9760     0.14085400    -0.82464203    18.20955535     4.89568731     0.45724845
  2.9780     0.13406100    -0.82530200    16.07917681     5.13100552     0.45619274
  2.9800     0.14092200    -0.82815999    19.32562491     5.50022927     0.45562963
  2.9820     0.14035000    -0.82003802    16.85609850     5.11521910     0.45853571
  2.9840     0.13659200    -0.82226997    18.20631311     5.31565998     0.45804261
  2.9860     0.14161800    -0.82233401    17.93165236     4.86031544     0.45869324
  2.9880     0.13116200    -0.82018203    14.61682716     5.06682883     0.45924435
  2.9900     0.13465100    -0.82066798    16.76879234     4.94157785     0.45856771
  2.9920     0.11970500    -0.81536799    14.17910119     5.23860168     0.46149480
  2.9940     0.15143900    -0.82549402    18.89257820     5.29764414     0.45702690
  2.9960     0.13401000    -0.81983196    16.61744062     5.27836960     0.46044509
  2.9980     0.13106200    -0.81453802    15.54116910     4.88772753     0.46252500
  3.0000     0.13964700    -0.81619200    17.57224680     4.81799598     0.46168584
  3.0020     0.14099200    -0.82150398    17.85711064     4.94349488     0.45967243
  3.0040     0.14252400    -0.81106801    17.81571099     5.15814707     0.46391878
  3.0060     0.14318000    -0.81848998    17.40197780     5.05932449     0.46108372
  3.0080     0.12798400    -0.81410998    14.50749747     4.67391624     0.46298360
  3.0100     0.13348800    -0.81479399    15.51918850     4.78617854     0.46220194
  3.0120     0.13194300    -0.81014000    15.88924832     4.94750463     0.46464543
  3.0140     0.13638300    -0.80675197    16.65416260     5.00217478     0.46609672
  3.0160     0.13538500    -0.81076201    16.82597089     4.83893545     0.46360372
  3.0180     0.13313400    -0.80858201    14.73844666     4.86780109     0.46515603
  3.0200     0.13017000    -0.80965398    15.66013572     5.00237069     0.46463643
  3.0220     0.13571100    -0.81009602    17.35686065     4.92728475     0.46527155
  3.0240     0.13550600    -0.80561799    16.20083121     4.78647015     0.46648830
  3.0260     0.13168100    -0.80717198    14.96068940     4.63068565     0.46709292
  3.0280     0.12800500    -0.80274198    14.73530192     4.86880604     0.46827415
  3.0300     0.13360100    -0.80648198    16.24933382     4.69601420     0.46738348
  3.0320     0.13029000    -0.80022001    15.09239027     4.85038128     0.46928036
  3.0340     0.13885100    -0.80623597    17.39923432     4.76075819     0.46722744
  3.0360     0.13362800    -0.80363401    15.49869715     4.61512506     0.46907031
  3.0380     0.13100000    -0.80189802    16.26154573     4.85091385     0.46897429
  3.0400     0.13199100    -0.80394597    15.69226680     4.52516937     0.46850170
  3.0420     0.13721300    -0.80174401    16.08271477     5.08394171     0.46894529
  3.0440     0.13650000    -0.79804603    15.97863754     4.72096439     0.47082716
  3.0460     0.13328700    -0.79785003    15.69232053     4.77894984     0.47118824
  3.0480     0.13601800    -0.79603398    15.79647093     4.91759870     0.47165833
  3.0500     0.12840400    -0.79772402    14.61254872     4.62250954     0.47197839
