# T        <M>         <E>           chi            C            frac_acept
  1.5500     0.98361289    -1.94126224     0.18300394     1.24582190     0.01630459
  1.5520     0.98340089    -1.94064795     0.19101880     1.26357003     0.01656242
  1.5540     0.98292267    -1.93891999     0.19369032     1.32381475     0.01688115
  1.5560     0.98308133    -1.93960627     0.19546169     1.32274761     0.01690738
  1.5580     0.98252578    -1.93787471     0.20458839     1.32599441     0.01711142
  1.5600     0.98240356    -1.93727199     0.20782476     1.35130036     0.01729368
  1.5620     0.98255956    -1.93775650     0.19817051     1.33368448     0.01728168
  1.5640     0.98203689    -1.93610672     0.20530842     1.34005881     0.01752128
  1.5660     0.98237778    -1.93719913     0.19695061     1.33047597     0.01753840
  1.5680     0.98203200    -1.93619288     0.20066802     1.29160549     0.01776511
  1.5700     0.98211244    -1.93627290     0.20689142     1.33588452     0.01783379
  1.5720     0.98203911    -1.93609872     0.20140381     1.30063222     0.01788358
  1.5740     0.98175333    -1.93508538     0.21437264     1.37511945     0.01801205
  1.5760     0.98157689    -1.93470757     0.22657393     1.45345041     0.01819097
  1.5780     0.98117422    -1.93351552     0.22014439     1.32036516     0.01855193
  1.5800     0.98129600    -1.93383466     0.21514349     1.30681355     0.01855260
  1.5820     0.98115956    -1.93312799     0.21195613     1.38676339     0.01855282
  1.5840     0.98092178    -1.93231028     0.22776007     1.45715376     0.01878531
  1.5860     0.98086756    -1.93227915     0.22224781     1.39900764     0.01896201
  1.5880     0.98037200    -1.93069417     0.22151673     1.34468062     0.01913516
  1.5900     0.98019200    -1.93029063     0.24260362     1.45603630     0.01949701
  1.5920     0.98042533    -1.93092889     0.23622763     1.42787148     0.01943989
  1.5940     0.98025778    -1.93029423     0.23148432     1.43633916     0.01941766
  1.5960     0.97946667    -1.92806485     0.24345351     1.44378694     0.02012269
  1.5980     0.97958089    -1.92801960     0.23151203     1.41971545     0.02002445
  1.6000     0.97917644    -1.92688442     0.24742690     1.49982163     0.02036696
  1.6020     0.97945067    -1.92781514     0.25295194     1.50728904     0.02019515
  1.6040     0.97904044    -1.92636447     0.23972883     1.45961345     0.02055100
  1.6060     0.97956178    -1.92808000     0.23287582     1.42204253     0.02012603
  1.6080     0.97913644    -1.92645070     0.24177169     1.48663294     0.02067747
  1.6100     0.97926267    -1.92690583     0.24309301     1.47394271     0.02065435
  1.6120     0.97851822    -1.92456087     0.25460134     1.55074406     0.02106243
  1.6140     0.97877600    -1.92559376     0.24634817     1.45347284     0.02096397
  1.6160     0.97833644    -1.92411383     0.24082250     1.46275156     0.02130471
  1.6180     0.97841689    -1.92417686     0.24530363     1.47058280     0.02125736
  1.6200     0.97774356    -1.92242665     0.30716650     1.63733653     0.02183926
  1.6220     0.97765778    -1.92175912     0.26572553     1.54608622     0.02200751
  1.6240     0.97711156    -1.92017161     0.27210819     1.57216904     0.02225490
  1.6260     0.97780533    -1.92227468     0.27123775     1.58090107     0.02196728
  1.6280     0.97705644    -1.92017684     0.26823752     1.53549647     0.02238470
  1.6300     0.97656533    -1.91867109     0.28597284     1.60615823     0.02286257
  1.6320     0.97628222    -1.91771294     0.29121764     1.62952885     0.02312818
  1.6340     0.97661600    -1.91862661     0.28537495     1.61739259     0.02301794
  1.6360     0.97640489    -1.91853333     0.33293694     1.72310205     0.02285813
  1.6380     0.97629289    -1.91761694     0.28208825     1.63168116     0.02320331
  1.6400     0.97603378    -1.91681953     0.28232219     1.60994293     0.02349603
  1.6420     0.97595600    -1.91631649     0.28855455     1.69539270     0.02367985
  1.6440     0.97602044    -1.91666220     0.29944164     1.67524327     0.02357760
  1.6460     0.97523289    -1.91445954     0.32311816     1.70608964     0.02414794
  1.6480     0.97532889    -1.91460709     0.28261071     1.56820349     0.02413216
  1.6500     0.97505067    -1.91373686     0.29422990     1.63749225     0.02443044
  1.6520     0.97495689    -1.91350758     0.31714746     1.62884981     0.02444044
  1.6540     0.97499200    -1.91377153     0.33246066     1.69264764     0.02446578
  1.6560     0.97472933    -1.91239820     0.31146513     1.75029851     0.02491765
  1.6580     0.97452800    -1.91206310     0.32090570     1.71663241     0.02507457
  1.6600     0.97441244    -1.91114226     0.30280328     1.65103311     0.02515837
  1.6620     0.97487378    -1.91251639     0.30099577     1.71899014     0.02485475
  1.6640     0.97388667    -1.90988528     0.31070138     1.68605919     0.02557289
  1.6660     0.97398800    -1.91027025     0.30956366     1.69465789     0.02560868
  1.6680     0.97314578    -1.90791823     0.31692512     1.69065669     0.02629148
  1.6700     0.97372311    -1.90928974     0.32937815     1.76199804     0.02598164
  1.6720     0.97287244    -1.90713424     0.35051588     1.74758968     0.02641328
  1.6740     0.97290267    -1.90662309     0.31991652     1.71232324     0.02646529
  1.6760     0.97231244    -1.90502398     0.35154726     1.80899062     0.02690671
  1.6780     0.97233600    -1.90517509     0.36364164     1.85747438     0.02698029
  1.6800     0.97181333    -1.90364357     0.34921365     1.81903948     0.02747861
  1.6820     0.97192978    -1.90373250     0.34997505     1.84904706     0.02738726
  1.6840     0.97179600    -1.90336976     0.33555307     1.75896503     0.02762019
  1.6860     0.97146533    -1.90277594     0.36751478     1.87143317     0.02792225
  1.6880     0.97119111    -1.90145603     0.36228510     1.85865283     0.02817297
  1.6900     0.97099378    -1.90157424     0.37740637     1.84386149     0.02825899
  1.6920     0.97092578    -1.90029247     0.35047206     1.85762498     0.02838523
  1.6940     0.97050933    -1.89955377     0.36744516     1.84596561     0.02860261
  1.6960     0.97088978    -1.90035733     0.36497051     1.86854006     0.02858238
  1.6980     0.97061511    -1.89976709     0.36956282     1.82956746     0.02868574
  1.7000     0.96969867    -1.89754129     0.42481719     1.93003607     0.02917961
  1.7020     0.97012267    -1.89774663     0.37563553     1.89330359     0.02932253
  1.7040     0.96993156    -1.89810138     0.37476127     1.86668492     0.02949368
  1.7060     0.96869556    -1.89445511     0.43574680     1.94420511     0.03013180
  1.7080     0.96914444    -1.89527558     0.39825492     1.99165814     0.03001045
  1.7100     0.96940622    -1.89608709     0.39462380     1.91051924     0.03001556
  1.7120     0.96874356    -1.89395737     0.40048860     2.00572114     0.03054655
  1.7140     0.96834533    -1.89297062     0.41998073     2.03871229     0.03066969
  1.7160     0.96894844    -1.89454938     0.36969727     1.82429909     0.03044676
  1.7180     0.96789156    -1.89123461     0.42015588     2.03924008     0.03131115
  1.7200     0.96783156    -1.89073161     0.38909613     1.97710322     0.03151430
  1.7220     0.96759689    -1.89036271     0.43803049     2.07810955     0.03163166
  1.7240     0.96701022    -1.88931552     0.46331485     2.08595866     0.03179703
  1.7260     0.96696756    -1.88853420     0.43342242     2.12307583     0.03213687
  1.7280     0.96780489    -1.89102756     0.40916179     1.94845566     0.03148874
  1.7300     0.96592533    -1.88590310     0.46026349     2.14236317     0.03300171
  1.7320     0.96643733    -1.88717958     0.45214401     2.11820669     0.03248294
  1.7340     0.96644889    -1.88705066     0.43814702     1.99865647     0.03276166
  1.7360     0.96571378    -1.88509068     0.48140896     2.18372896     0.03338112
  1.7380     0.96549778    -1.88418397     0.45932449     2.11765889     0.03350759
  1.7400     0.96593867    -1.88524003     0.43358011     2.03866849     0.03311818
  1.7420     0.96465156    -1.88167023     0.42812371     1.99144975     0.03400636
  1.7440     0.96438000    -1.88152710     0.49600134     2.19042781     0.03453713
  1.7460     0.96435822    -1.88091107     0.53594212     2.22280184     0.03441266
  1.7480     0.96465644    -1.88179285     0.43932141     1.97035609     0.03443600
  1.7500     0.96299600    -1.87802217     0.56802836     2.22952861     0.03529261
  1.7520     0.96352267    -1.87870132     0.50354428     2.17065238     0.03520860
  1.7540     0.96302711    -1.87753425     0.53550995     2.24955489     0.03544709
  1.7560     0.96294667    -1.87713598     0.52071672     2.22515253     0.03577404
  1.7580     0.96314756    -1.87740529     0.50453232     2.20828610     0.03560846
  1.7600     0.96256000    -1.87557150     0.50381144     2.17401373     0.03603543
  1.7620     0.96254089    -1.87513515     0.48495619     2.13885563     0.03630482
  1.7640     0.96174578    -1.87407649     0.60745659     2.25872077     0.03663555
  1.7660     0.96110133    -1.87205687     0.54926442     2.27611787     0.03733080
  1.7680     0.96099155    -1.87146042     0.62181459     2.45776049     0.03737214
  1.7700     0.96220756    -1.87390938     0.49417929     2.15602663     0.03674713
  1.7720     0.96076800    -1.87106488     0.55188367     2.29049086     0.03750172
  1.7740     0.96085556    -1.87138139     0.62220158     2.44387172     0.03770132
  1.7760     0.96084756    -1.87064623     0.52102422     2.20486206     0.03784157
  1.7780     0.96061333    -1.86941510     0.51916985     2.18605280     0.03821787
  1.7800     0.95948044    -1.86729247     0.56910728     2.27892415     0.03880576
  1.7820     0.95865511    -1.86472179     0.61113959     2.35644556     0.03939455
  1.7840     0.95942133    -1.86647824     0.56859339     2.30166763     0.03906737
  1.7860     0.95866622    -1.86477330     0.57959086     2.34538246     0.03981085
  1.7880     0.95897422    -1.86504713     0.59272393     2.31404315     0.03962748
  1.7900     0.95828667    -1.86320353     0.62154317     2.51853832     0.04015247
  1.7920     0.95870089    -1.86385605     0.57733168     2.34790026     0.03997866
  1.7940     0.95789422    -1.86215017     0.61576728     2.34411284     0.04057612
  1.7960     0.95738089    -1.86121332     0.62902271     2.36940793     0.04066636
  1.7980     0.95713733    -1.86001595     0.60248447     2.37976400     0.04090062
  1.8000     0.95731689    -1.85961779     0.58556549     2.41417001     0.04102643
  1.8020     0.95612800    -1.85699820     0.62589961     2.43114452     0.04208242
  1.8040     0.95537822    -1.85525151     0.73957790     2.72572585     0.04262919
  1.8060     0.95337867    -1.85218485     0.93008479     2.61645912     0.04332800
  1.8080     0.95549467    -1.85542134     0.66271108     2.50145420     0.04239848
  1.8100     0.95496889    -1.85409505     0.68301915     2.48779184     0.04286857
  1.8120     0.95508844    -1.85487114     0.71818819     2.59466694     0.04290369
  1.8140     0.95393244    -1.85179738     0.72940551     2.60568437     0.04365584
  1.8160     0.95395200    -1.85063644     0.64857828     2.54139433     0.04412171
  1.8180     0.95508844    -1.85464714     0.69895164     2.50259449     0.04314374
  1.8200     0.95410178    -1.85062576     0.62186123     2.42846464     0.04394568
  1.8220     0.95329289    -1.84973243     0.68883246     2.51178050     0.04449890
  1.8240     0.95300889    -1.84839198     0.71927811     2.60070603     0.04481585
  1.8260     0.95373467    -1.84947561     0.70039544     2.68002062     0.04447712
  1.8280     0.95289200    -1.84732802     0.65028484     2.36147463     0.04521971
  1.8300     0.95190444    -1.84608266     0.76838079     2.63943790     0.04576249
  1.8320     0.95177378    -1.84495197     0.70827792     2.54361249     0.04580205
  1.8340     0.95103644    -1.84300091     0.78567718     2.73622075     0.04662621
  1.8360     0.95066044    -1.84223650     0.73404597     2.59191479     0.04684670
  1.8380     0.95058311    -1.84196539     0.76347230     2.59780619     0.04692961
  1.8400     0.94910000    -1.83867205     0.87482307     2.85822068     0.04792181
  1.8420     0.95061956    -1.84185773     0.77400330     2.68177063     0.04718855
  1.8440     0.94954267    -1.83897417     0.86617640     2.87095824     0.04776089
  1.8460     0.94823556    -1.83628980     0.87405582     2.83754865     0.04882510
  1.8480     0.94901200    -1.83755292     0.87348896     2.86490436     0.04839412
  1.8500     0.94614400    -1.83375914     1.79094190     3.16963579     0.04956213
  1.8520     0.94839645    -1.83515468     0.80686610     2.86245638     0.04919495
  1.8540     0.94800800    -1.83372354     0.75327794     2.75127801     0.04949123
  1.8560     0.94814356    -1.83409246     0.73437032     2.75502557     0.04935387
  1.8580     0.94718711    -1.83280975     0.80707914     2.74935215     0.04982152
  1.8600     0.94450889    -1.82822850     1.17451024     2.94115576     0.05134249
  1.8620     0.94656311    -1.83091379     0.79617082     2.66949789     0.05057767
  1.8640     0.94600044    -1.82998131     1.00806366     3.06420060     0.05080060
  1.8660     0.94603911    -1.82911109     0.88873652     2.84521691     0.05107199
  1.8680     0.94508578    -1.82715827     0.84124092     2.77709692     0.05158721
  1.8700     0.94585022    -1.82788174     0.79944184     2.77494194     0.05157854
  1.8720     0.94518444    -1.82701064     0.95262422     2.94713539     0.05183837
  1.8740     0.94390444    -1.82313687     0.88555536     2.96855055     0.05313263
  1.8760     0.94417378    -1.82433773     0.89804697     2.91740326     0.05284901
  1.8780     0.94100089    -1.81745870     1.02776497     3.07348980     0.05468227
  1.8800     0.94258933    -1.82023641     0.96107888     3.01548538     0.05390323
  1.8820     0.94133822    -1.81823377     1.09987437     3.04538453     0.05463382
  1.8840     0.94077911    -1.81673334     1.05856512     3.00681907     0.05504857
  1.8860     0.94102044    -1.81702672     0.99532543     2.97244728     0.05508724
  1.8880     0.93983333    -1.81422755     1.04912928     3.02063402     0.05568847
  1.8900     0.94020978    -1.81507017     1.04404826     3.10462428     0.05592141
  1.8920     0.94034622    -1.81474133     1.05310557     3.06670268     0.05576604
  1.8940     0.93897022    -1.81233246     1.09274286     3.03249448     0.05657309
  1.8960     0.94054578    -1.81454752     0.96614211     3.01946316     0.05605677
  1.8980     0.93870267    -1.81012441     1.06276026     3.04498263     0.05734302
  1.9000     0.93849822    -1.81012980     1.04863983     3.14212569     0.05729657
  1.9020     0.93656089    -1.80711737     1.28499349     3.27544310     0.05830855
  1.9040     0.93769200    -1.80692271     1.03200835     3.20285520     0.05818497
  1.9060     0.93774933    -1.80827728     1.12291496     3.20154249     0.05834923
  1.9080     0.93572267    -1.80351021     1.27902936     3.02740240     0.05945656
  1.9100     0.93504578    -1.80191560     1.19833647     3.13379958     0.05973906
  1.9120     0.93572667    -1.80323731     1.50241673     3.49694438     0.05954991
  1.9140     0.93674133    -1.80492360     1.06617906     3.11565989     0.05916339
  1.9160     0.93497956    -1.80010043     1.12632152     3.22144308     0.06055033
  1.9180     0.93332978    -1.79712273     1.29009439     3.49027836     0.06154586
  1.9200     0.93454933    -1.79953339     1.20311324     3.21804276     0.06096975
  1.9220     0.93329200    -1.79533506     1.13220388     3.26324784     0.06193283
  1.9240     0.93309422    -1.79567025     1.25226175     3.31325450     0.06190371
  1.9260     0.93262578    -1.79476266     1.22605221     3.31414878     0.06235492
  1.9280     0.93203289    -1.79297071     1.26076574     3.36141483     0.06279878
  1.9300     0.93296444    -1.79505869     1.17452578     3.24015912     0.06223934
  1.9320     0.93001333    -1.79032795     1.43834670     3.39216828     0.06401214
  1.9340     0.93056222    -1.78849954     1.23797652     3.37399947     0.06459581
  1.9360     0.92675511    -1.78585158     2.54769631     3.87711315     0.06542686
  1.9380     0.92932267    -1.78757957     1.35030254     3.38469621     0.06485275
  1.9400     0.92773911    -1.78357154     1.48095420     3.43890446     0.06621124
  1.9420     0.92891600    -1.78599290     1.34335717     3.28782329     0.06559845
  1.9440     0.92912711    -1.78491018     1.28593659     3.46048407     0.06586762
  1.9460     0.92762622    -1.78341070     1.48676471     3.48597377     0.06629504
  1.9480     0.92465067    -1.77934402     1.81471374     3.53691109     0.06777978
  1.9500     0.92607822    -1.77819821     1.36855840     3.36075022     0.06780667
  1.9520     0.92607600    -1.77813783     1.41383206     3.57940041     0.06801916
  1.9540     0.92653778    -1.77895909     1.32595404     3.37190218     0.06793670
  1.9560     0.92498978    -1.77572620     1.53216512     3.74946234     0.06880576
  1.9580     0.92439600    -1.77530580     1.60020563     3.66308050     0.06922051
  1.9600     0.92505822    -1.77602219     1.43976788     3.43251223     0.06876598
  1.9620     0.92456711    -1.77300617     1.42213106     3.66590096     0.06969016
  1.9640     0.92218178    -1.76974933     1.65526394     3.67611804     0.07061746
  1.9660     0.91976044    -1.76547911     1.62713404     3.60931968     0.07229979
  1.9680     0.92102133    -1.76743732     1.63228434     3.57823952     0.07166300
  1.9700     0.91969822    -1.76675916     2.29283636     3.95986785     0.07201151
  1.9720     0.91853556    -1.76371381     1.79913681     3.77685158     0.07286657
  1.9740     0.92052356    -1.76597338     1.90397813     3.96045868     0.07205930
  1.9760     0.92257867    -1.76859999     1.44329704     3.69786613     0.07158232
  1.9780     0.91813733    -1.76025243     1.64576255     3.74567648     0.07381610
  1.9800     0.91886489    -1.76166222     1.73489102     3.80054696     0.07376809
  1.9820     0.91804578    -1.75993332     1.82359925     3.99221145     0.07420818
  1.9840     0.91645600    -1.75717686     1.91040568     3.90001768     0.07503390
  1.9860     0.91841422    -1.75862939     1.53318963     3.70292043     0.07458936
  1.9880     0.91442400    -1.75221241     1.88192641     3.88156660     0.07675313
  1.9900     0.91365467    -1.75144717     1.96456556     3.81930542     0.07706808
  1.9920     0.91406533    -1.75182842     1.76751225     3.71891747     0.07692672
  1.9940     0.91378444    -1.75030488     1.97033097     4.14334773     0.07734102
  1.9960     0.91352133    -1.74997865     2.02675739     4.11591109     0.07773488
  1.9980     0.90761156    -1.74278134     2.64007138     3.99726196     0.08005579
  2.0000     0.91250133    -1.74566750     1.70167648     3.93395890     0.07907204
  2.0020     0.90846400    -1.74020617     2.44841024     4.35312604     0.08081483
  2.0040     0.91017244    -1.74258043     1.94734964     3.80008847     0.08001823
  2.0060     0.90734178    -1.73944094     2.34791010     4.15681068     0.08107221
  2.0080     0.90631911    -1.73723373     2.99704750     4.41305597     0.08180414
  2.0100     0.91060400    -1.74209334     2.03732078     4.19847604     0.08031451
  2.0120     0.90936756    -1.73934669     1.85905927     3.79688639     0.08139383
  2.0140     0.90063333    -1.73082492     3.89217302     4.40671365     0.08428441
  2.0160     0.90528133    -1.73236005     2.45309664     4.38474207     0.08372074
  2.0180     0.90497289    -1.73116712     2.13168030     3.94432642     0.08384988
  2.0200     0.90589200    -1.73186400     1.95485474     4.01531409     0.08392367
  2.0220     0.90354978    -1.72963106     2.41002295     4.17612589     0.08507013
  2.0240     0.90463911    -1.73020004     2.27813008     4.10098581     0.08446534
  2.0260     0.90369556    -1.72913689     2.48526465     4.25342416     0.08508057
  2.0280     0.89835689    -1.72074938     3.15384251     4.65111198     0.08741859
  2.0300     0.90115111    -1.72390583     2.98339156     4.69595378     0.08687671
  2.0320     0.90184400    -1.72226573     2.24291038     4.23374040     0.08705097
  2.0340     0.89920889    -1.72301247     3.35064488     4.38138877     0.08742926
  2.0360     0.89903378    -1.71833952     2.80077546     4.71784462     0.08836301
  2.0380     0.89625511    -1.71402128     2.66160291     4.29255185     0.08977573
  2.0400     0.89931289    -1.71872618     2.47390073     4.11801656     0.08853571
  2.0420     0.89447733    -1.71241428     3.14305478     4.71799275     0.09087795
  2.0440     0.89351333    -1.70994489     3.28957150     4.65902377     0.09173524
  2.0460     0.89373467    -1.70947199     3.32564237     4.58784768     0.09152497
  2.0480     0.89241422    -1.70578135     2.71349770     4.46566957     0.09290992
  2.0500     0.89394889    -1.70754845     2.84238571     4.47957145     0.09239848
  2.0520     0.89276089    -1.70541773     2.74516009     4.40838711     0.09274210
  2.0540     0.89213600    -1.70365864     2.61392751     4.33775473     0.09361583
  2.0560     0.89162667    -1.70233422     2.65228360     4.46826933     0.09425418
  2.0580     0.88933689    -1.70076358     3.40367013     4.79844589     0.09461226
  2.0600     0.88860978    -1.69988529     4.22331418     4.94157198     0.09479385
  2.0620     0.89175778    -1.70049692     2.55144517     4.50962818     0.09507279
  2.0640     0.88632622    -1.69464708     3.88256587     4.88687729     0.09682359
  2.0660     0.88984933    -1.69742842     2.80982430     4.53659360     0.09577160
  2.0680     0.88522044    -1.69122486     3.39015752     4.57717427     0.09803783
  2.0700     0.87946622    -1.68741071     5.51768865     5.40289405     0.09935921
  2.0720     0.88162489    -1.68501594     3.88755182     4.92632954     0.10008291
  2.0740     0.87683600    -1.68202751     4.81862866     5.03969844     0.10135205
  2.0760     0.87517333    -1.68097154     5.91273641     5.06506975     0.10188327
  2.0780     0.87040711    -1.67615731     9.14620658     5.73158624     0.10323131
  2.0800     0.87976756    -1.68070751     3.53487203     4.88563501     0.10173524
  2.0820     0.87911156    -1.67905776     3.91031310     5.08488431     0.10248294
  2.0840     0.87325911    -1.67161605     5.04821104     5.18709272     0.10507190
  2.0860     0.87819600    -1.67725161     3.34580115     4.79774882     0.10336245
  2.0880     0.87855645    -1.67672533     3.44164223     4.80033422     0.10319553
  2.0900     0.87445022    -1.67158754     4.53161222     5.37278071     0.10522927
  2.0920     0.87435911    -1.66980708     3.84577696     5.04108867     0.10549666
  2.0940     0.87685511    -1.67244619     3.44618329     4.82756981     0.10462270
  2.0960     0.87166889    -1.66632005     4.38149554     5.00989026     0.10728435
  2.0980     0.87155467    -1.66637508     4.66478174     5.08938299     0.10691583
  2.1000     0.86709378    -1.65955379     5.58983129     5.20186961     0.10884688
  2.1020     0.87685911    -1.67141956     3.57288107     5.21754955     0.10555400
  2.1040     0.87153200    -1.66173334     3.57312148     5.03440036     0.10872308
  2.1060     0.86914578    -1.65866043     4.03698203     5.27978774     0.10949501
  2.1080     0.85526311    -1.64500001    10.36342740     6.45316543     0.11432820
  2.1100     0.86561333    -1.65385604     4.66649683     5.23123229     0.11127025
  2.1120     0.86755734    -1.65631732     4.62905159     5.29133984     0.11069058
  2.1140     0.86110889    -1.64787375     5.17946549     5.28585984     0.11382788
  2.1160     0.85931200    -1.64918493     8.24414878     5.96806898     0.11306239
  2.1180     0.86092133    -1.64610755     5.27045470     5.64031546     0.11451890
  2.1200     0.85710800    -1.64260529     5.53930221     5.41512204     0.11541419
  2.1220     0.85960133    -1.64376798     5.03786336     5.47906306     0.11497877
  2.1240     0.85100800    -1.63770217     7.81546022     5.89659491     0.11733258
  2.1260     0.84921289    -1.63030582     6.65683179     6.26437617     0.11985353
  2.1280     0.84991556    -1.63182667     6.57178876     5.98766115     0.11930253
  2.1300     0.85274000    -1.63368799     5.35280903     5.52369742     0.11865240
  2.1320     0.85101733    -1.62891286     5.41628289     5.70828155     0.11977684
  2.1340     0.85277778    -1.62862049     4.87337690     5.44903758     0.11995799
  2.1360     0.85293244    -1.62959559     5.17163894     5.41805195     0.11995355
  2.1380     0.85230311    -1.62984982     5.81303113     5.78084378     0.12005023
  2.1400     0.85196667    -1.62733240     5.56094124     5.55292366     0.12072615
  2.1420     0.85150311    -1.62620975     5.77738044     5.82429918     0.12156031
  2.1440     0.84387511    -1.61880627     6.67018160     5.94623989     0.12446089
  2.1460     0.83663600    -1.61303997     9.79638157     6.67259968     0.12639528
  2.1480     0.83832355    -1.60813778     6.30505311     6.17600653     0.12760463
  2.1500     0.84263022    -1.61582668     8.35476316     6.24413619     0.12459648
  2.1520     0.83171378    -1.60723981    44.60669148    26.07131087     0.12804068
  2.1540     0.82398467    -1.60280150    78.90148564    28.22251095     0.12968643
  2.1560     0.83080489    -1.60205202    41.23330198    25.98334415     0.12996467
  2.1580     0.82539811    -1.59797996    53.21052074    27.99106926     0.13132951
  2.1600     0.82255822    -1.59478951    67.30187076    27.47247949     0.13251263
  2.1620     0.83370778    -1.59989271    31.11913319    25.19175514     0.13065198
  2.1640     0.82584389    -1.59612336    53.76879278    25.70327024     0.13229206
  2.1660     0.82980389    -1.59696773    36.09019433    26.39900215     0.13194088
  2.1680     0.81477467    -1.58693599    81.34445311    27.35726908     0.13572712
  2.1700     0.81758067    -1.58351463    44.16147462    26.81030503     0.13675367
  2.1720     0.82533989    -1.58989472    40.12426387    26.99724037     0.13466257
  2.1740     0.81576133    -1.57987220    42.40359102    26.71290293     0.13796907
  2.1760     0.81601600    -1.57965287    43.84362830    27.02084179     0.13814946
  2.1780     0.81539700    -1.57785284    45.78117393    28.20703536     0.13904117
  2.1800     0.81098900    -1.57558647    48.90848638    26.72546759     0.13953487
  2.1820     0.78824412    -1.56353380   148.55923065    34.39245690     0.14411715
  2.1840     0.79549911    -1.56430576   104.33165258    32.08104240     0.14378313
  2.1860     0.81024767    -1.57102017    57.64895555    28.29334288     0.14131557
  2.1880     0.79388734    -1.55838758    69.21650310    30.02401023     0.14593752
  2.1900     0.78611222    -1.55327109    98.94134112    31.01143971     0.14755421
  2.1920     0.79207756    -1.55837129    89.04288903    31.65594984     0.14617364
  2.1940     0.80663400    -1.56308759    44.30784969    28.22746562     0.14461568
  2.1960     0.79204267    -1.55145176    66.57720508    31.06258847     0.14848754
  2.1980     0.79283622    -1.55124781    75.09280520    30.96283592     0.14858037
  2.2000     0.79246944    -1.54782493    51.72518043    28.25237549     0.14999456
  2.2020     0.77847948    -1.54498023   133.08050485    34.14231852     0.15095144
  2.2040     0.78382945    -1.54157668    84.92502120    31.29374646     0.15217078
  2.2060     0.78072933    -1.53862869    80.08956150    31.56438689     0.15317527
  2.2080     0.78985689    -1.54188093    54.04532693    27.73437888     0.15215189
  2.2100     0.77325556    -1.53078175    90.73543571    30.02879185     0.15598074
  2.2120     0.78224967    -1.53204648    64.17503354    30.46417773     0.15556478
  2.2140     0.76289280    -1.52084003    91.79395605    31.79540497     0.15951086
  2.2160     0.76289736    -1.52322263   147.27937814    33.95721901     0.15887683
  2.2180     0.76501503    -1.52296155   111.75497607    32.15923902     0.15900351
  2.2200     0.75956648    -1.51826864   113.52814797    33.46356558     0.16104511
  2.2220     0.77464033    -1.52455511    72.57454431    30.07943947     0.15844570
  2.2240     0.74878678    -1.51054217   150.64622218    35.62164992     0.16382925
  2.2260     0.77123856    -1.51882583    73.29798227    30.73109696     0.16056575
  2.2280     0.75394433    -1.50819959   112.05322046    32.33690025     0.16459962
  2.2300     0.73315678    -1.49397113   132.79737835    33.98561424     0.16970999
  2.2320     0.74077659    -1.49605180   122.62594394    33.02969005     0.16892250
  2.2340     0.73415133    -1.49301908   135.00194505    35.09454760     0.17015901
  2.2360     0.74482937    -1.49778194   108.75046490    32.62356708     0.16844287
  2.2380     0.73793024    -1.49360245   146.21592466    35.93150437     0.17025979
  2.2400     0.73651222    -1.49181826   119.00960618    34.07006241     0.17096616
  2.2420     0.69048256    -1.46759956   255.13905972    39.93182457     0.17955626
  2.2440     0.72057633    -1.47753931   136.71125010    35.84661124     0.17583057
  2.2460     0.70915733    -1.47418617   188.24256064    38.69417909     0.17743198
  2.2480     0.68807334    -1.46144559   221.52485647    39.16810105     0.18192504
  2.2500     0.70262167    -1.46641249   178.43242893    38.06978294     0.17994811
  2.2520     0.69286044    -1.46283558   233.75760971    38.48955202     0.18141335
  2.2540     0.71029246    -1.46775292   168.57409617    36.20436574     0.17967087
  2.2560     0.68847245    -1.45671580   203.19275689    38.65842687     0.18370102
  2.2580     0.68090880    -1.45616804   277.23527313    39.04356744     0.18383264
  2.2600     0.67521958    -1.44464817   231.08598994    38.44596080     0.18824108
  2.2620     0.67450379    -1.44572000   272.32986215    40.07385296     0.18758277
  2.2640     0.67191346    -1.44353539   256.20180479    40.17535138     0.18883844
  2.2660     0.67849047    -1.44909107   265.25910797    37.46444951     0.18696457
  2.2680     0.67451546    -1.44252578   250.12741707    38.45496846     0.18927502
  2.2700     0.65664223    -1.43282686   290.17782505    41.97705651     0.19282914
  2.2720     0.66513056    -1.43139339   216.30434825    39.27381548     0.19321255
  2.2740     0.66053436    -1.43159025   259.56743896    39.70034627     0.19337772
  2.2760     0.64307134    -1.42452667   325.70748404    41.44502577     0.19598230
  2.2780     0.67815923    -1.43581269   199.40231307    37.50639476     0.19189037
  2.2800     0.62749069    -1.41262646   321.38155088    41.08841217     0.20035841
  2.2820     0.60238345    -1.40709018   393.49987673    44.80993536     0.20266147
  2.2840     0.61273101    -1.40454684   344.35630812    43.00993181     0.20351118
  2.2860     0.62292923    -1.40431484   282.38776095    39.12322965     0.20342167
  2.2880     0.54599712    -1.37254841   406.54318723    42.44909868     0.21535360
  2.2900     0.58950723    -1.39175091   382.07379630    42.82054351     0.20829053
  2.2920     0.61548591    -1.39198706   248.78135353    37.88834144     0.20840598
  2.2940     0.60542723    -1.39255403   288.18892522    37.63690553     0.20802573
  2.2960     0.61858657    -1.39389974   293.07243902    39.50243641     0.20757893
  2.2980     0.55802324    -1.37073337   372.03972305    40.50596656     0.21631398
  2.3000     0.53205079    -1.36730201   501.61040536    46.31705274     0.21762949
  2.3020     0.57347357    -1.37859172   425.13681516    43.40650618     0.21371291
  2.3040     0.58055724    -1.37397293   348.20554543    40.69141860     0.21529076
  2.3060     0.56371167    -1.36484558   350.58366957    37.51803855     0.21866971
  2.3080     0.53159034    -1.35325917   392.93260774    40.66011807     0.22280608
  2.3100     0.48399268    -1.33680716   420.25019654    37.18145583     0.22904423
  2.3120     0.50929557    -1.34656157   472.79368073    43.24154428     0.22573590
  2.3140     0.56327346    -1.35813088   337.25151572    39.71964293     0.22113078
  2.3160     0.52975146    -1.34792468   439.71374815    42.00156414     0.22501525
  2.3180     0.52347368    -1.34304530   392.76364161    41.42193910     0.22734415
  2.3200     0.57201379    -1.35539736   276.21282872    36.08918280     0.22242745
  2.3220     0.46394368    -1.31858483   442.13628681    40.00825397     0.23599480
  2.3240     0.54230424    -1.34197911   388.29987661    40.49125071     0.22763666
  2.3260     0.50343912    -1.32820469   426.31979374    42.03752520     0.23263863
  2.3280     0.46090879    -1.31698378   431.22885296    37.72751439     0.23694729
  2.3300     0.50162190    -1.32951339   441.20333871    42.08223569     0.23257018
  2.3320     0.44975668    -1.30412579   436.72793381    39.71620690     0.24173192
  2.3340     0.47108524    -1.31342509   453.74755012    42.10351901     0.23836586
  2.3360     0.53309801    -1.33094287   357.44085325    39.13679187     0.23213055
  2.3380     0.50165123    -1.31244248   333.53542584    36.70358144     0.23901978
  2.3400     0.47559923    -1.30749717   402.27725264    38.61929906     0.24055125
  2.3420     0.46019545    -1.29843739   403.13358246    38.26311165     0.24420193
  2.3440     0.44410579    -1.28858330   398.46947326    39.10002204     0.24793729
  2.3460     0.45789467    -1.29964005   440.27375606    39.03525844     0.24387786
  2.3480     0.42280879    -1.28362405   424.19181517    35.91471956     0.24985638
  2.3500     0.42361023    -1.28001155   369.43554931    35.90631578     0.25126312
  2.3520     0.44139323    -1.28926114   431.18222459    38.10123987     0.24827169
  2.3540     0.39917401    -1.27029128   437.87370822    38.16073107     0.25501392
  2.3560     0.41818568    -1.27406598   387.24652710    33.90839017     0.25393231
  2.3580     0.37024267    -1.25884667   385.90736055    31.79312968     0.25942097
  2.3600     0.40064467    -1.26355223   384.07326769    35.91982910     0.25789428
  2.3620     0.43284023    -1.27491416   385.70925574    34.41806760     0.25383986
  2.3640     0.40986346    -1.26281606   352.04882422    32.25910131     0.25801901
  2.3660     0.44289801    -1.27239441   351.58155867    32.23538753     0.25462984
  2.3680     0.37862979    -1.25226044   359.84473755    33.03342719     0.26254518
  2.3700     0.40525434    -1.25850243   377.30242753    34.27964309     0.25982782
  2.3720     0.37396712    -1.25056887   395.88705306    32.71394368     0.26332978
  2.3740     0.41733523    -1.26045738   387.63205310    33.75421906     0.25956581
  2.3760     0.37749757    -1.24532774   365.80718555    32.55845761     0.26529765
  2.3780     0.34461078    -1.23832761   363.02515858    30.76255006     0.26804457
  2.3800     0.41062523    -1.25697088   391.86808994    34.24411613     0.26100105
  2.3820     0.38015045    -1.24225843   352.88995063    31.67516354     0.26670622
  2.3840     0.39327768    -1.24787294   383.67587292    32.16134606     0.26465468
  2.3860     0.32472312    -1.22552439   355.82761444    28.59126631     0.27300715
  2.3880     0.36040401    -1.23305310   367.89642223    31.40155783     0.27021290
  2.3900     0.38859901    -1.23917513   358.60674350    31.44536085     0.26796990
  2.3920     0.32763145    -1.22078350   360.06275299    31.51519447     0.27518493
  2.3940     0.29242034    -1.21004135   299.90946047    27.19862236     0.27938347
  2.3960     0.34522212    -1.21889244   315.83284689    27.71770351     0.27607447
  2.3980     0.33115579    -1.21702489   357.29635475    28.71062401     0.27689807
  2.4000     0.34363479    -1.21978958   332.67263399    29.64296229     0.27587046
  2.4020     0.29742078    -1.20721107   329.04807263    27.77267063     0.28071909
  2.4040     0.33038190    -1.21359911   325.15374463    28.33270589     0.27848326
  2.4060     0.31515501    -1.20429801   298.93871235    26.90284814     0.28170842
  2.4080     0.35167289    -1.21038227   276.81091306    26.32060447     0.27965076
  2.4100     0.34104379    -1.21033065   316.77006594    27.87312992     0.27978049
  2.4120     0.30856756    -1.19688288   297.80341034    25.86043495     0.28512670
  2.4140     0.29839367    -1.19068799   292.48511739    27.82437238     0.28738265
  2.4160     0.32709823    -1.20116440   316.60101591    27.42573409     0.28334011
  2.4180     0.32223690    -1.19627202   310.65197695    28.18914341     0.28526443
  2.4200     0.30750156    -1.19377179   303.58071148    26.71346833     0.28653216
  2.4220     0.31340290    -1.18829049   287.53241633    27.06073345     0.28870699
  2.4240     0.28898467    -1.17877427   251.49900666    24.72495837     0.29228500
  2.4260     0.27259734    -1.17902201   285.42394677    25.33258949     0.29218361
  2.4280     0.28804645    -1.18448426   281.77409031    26.13153166     0.29026762
  2.4300     0.27892645    -1.17366039   244.22479696    24.24324602     0.29427260
  2.4320     0.27997845    -1.17761597   276.64196825    25.91516500     0.29291748
  2.4340     0.28235112    -1.17205216   269.92581435    25.05330831     0.29531543
  2.4360     0.27468834    -1.17356977   275.04286208    25.32070406     0.29486224
  2.4380     0.27210945    -1.17107223   270.08731163    24.45325712     0.29588879
  2.4400     0.29550123    -1.17097622   271.21894297    25.64951180     0.29575973
  2.4420     0.29724645    -1.16906486   263.66850591    24.80218584     0.29656927
  2.4440     0.25607001    -1.15991825   240.01682603    23.62633212     0.30005811
  2.4460     0.26191801    -1.15470824   229.70237886    23.07419323     0.30237295
  2.4480     0.28366867    -1.16620004   274.40604485    25.01497568     0.29799229
  2.4500     0.24514734    -1.15392461   229.46263289    22.15410376     0.30267097
  2.4520     0.24651512    -1.15033688    52.59338416     5.15586376     0.30406103
  2.4540     0.27313734    -1.15904978    54.40011429     5.76531695     0.30063902
  2.4560     0.25809778    -1.16118757    68.54270335     5.76237889     0.30031917
  2.4580     0.23910312    -1.14840006    57.79379241     5.55796640     0.30511013
  2.4600     0.27497912    -1.15239650    59.94729211     5.55247277     0.30438199
  2.4620     0.30518134    -1.15665513    64.22929753     5.84325777     0.30208931
  2.4640     0.23030978    -1.13369162    49.26039854     5.25900307     0.31091240
  2.4660     0.20934756    -1.12765953    49.40872421     5.36369992     0.31329088
  2.4680     0.25796401    -1.14031639    57.69653921     5.86743980     0.30877531
  2.4700     0.20044534    -1.12837333    40.77174595     5.04851510     0.31354115
  2.4720     0.22400712    -1.13269693    57.20523393     5.88350365     0.31166233
  2.4740     0.20952534    -1.12764619    47.95759022     4.90226151     0.31428775
  2.4760     0.23336756    -1.13097244    56.89739974     5.52744550     0.31275166
  2.4780     0.23192934    -1.12914932    51.19785954     5.31157899     0.31317197
  2.4800     0.25684134    -1.13403292    54.98657556     5.84201432     0.31174657
  2.4820     0.23088623    -1.12791824    51.31454598     5.15946997     0.31463070
  2.4840     0.19575423    -1.11811735    40.05856973     4.86443184     0.31764064
  2.4860     0.20877823    -1.11433868    41.05564600     5.11349050     0.31961792
  2.4880     0.21495112    -1.11956894    42.18809418     4.56251195     0.31786379
  2.4900     0.23643645    -1.11686663    48.80284790     5.24433154     0.31842280
  2.4920     0.23383601    -1.12022311    50.13849009     5.27074929     0.31730435
  2.4940     0.24060223    -1.11854935    52.73919051     5.20539453     0.31872330
  2.4960     0.18877734    -1.09735729    36.36112008     4.56443570     0.32614678
  2.4980     0.22153912    -1.11358661    54.03838788     5.39336320     0.32013269
  2.5000     0.22546223    -1.11831204    42.68345097     5.03935897     0.31801227
  2.5020     0.20199378    -1.10486665    46.75556973     5.10538856     0.32384477
  2.5040     0.18684178    -1.09462670    33.21533473     4.87961545     0.32777044
  2.5060     0.21430889    -1.10481157    44.99886377     4.57035521     0.32351648
  2.5080     0.19535734    -1.09477513    39.22816249     4.56324457     0.32749216
  2.5100     0.24052401    -1.10524268    57.73942213     5.42359943     0.32429108
  2.5120     0.23670401    -1.10678139    48.90530439     5.07431714     0.32357338
  2.5140     0.24197778    -1.10395817    56.14273360     5.44976040     0.32478207
  2.5160     0.18984578    -1.09046308    36.03431996     4.76749481     0.33024427
  2.5180     0.23809245    -1.09929511    47.43090041     4.82092037     0.32655287
  2.5200     0.20621378    -1.08843292    42.07811814     4.94930343     0.33022827
  2.5220     0.18398400    -1.07974667    35.44296550     4.58308136     0.33473628
  2.5240     0.20060623    -1.08350310    42.07391928     4.90674150     0.33287213
  2.5260     0.17546578    -1.08137956    28.35844338     4.32588165     0.33363250
  2.5280     0.17898000    -1.08328175    36.42204001     4.46992149     0.33353760
  2.5300     0.18755867    -1.08846312    37.40538580     4.73830964     0.33099509
  2.5320     0.20369689    -1.08305871    42.27913941     4.44213627     0.33365406
  2.5340     0.16047645    -1.07170133    28.00960908     4.36260191     0.33782023
  2.5360     0.17688800    -1.07609516    35.07801772     4.66070549     0.33634727
  2.5380     0.16375378    -1.06680530    29.41408242     4.21006352     0.34000600
  2.5400     0.17554356    -1.07398136    27.51025758     4.15222319     0.33750572
  2.5420     0.17820534    -1.07301332    32.69008068     4.38328153     0.33817163
  2.5440     0.16787600    -1.06686131    29.78861613     3.95870425     0.34040430
  2.5460     0.17807112    -1.07078488    30.98632389     4.32591552     0.33865773
  2.5480     0.20924712    -1.07403379    38.99978834     4.69625143     0.33758463
  2.5500     0.17438889    -1.06507380    25.28686767     4.07898823     0.34142362
  2.5520     0.17905867    -1.06483019    35.33134553     4.66460304     0.34112845
  2.5540     0.17439245    -1.06156183    27.79221789     4.11122083     0.34262741
  2.5560     0.19040000    -1.06097780    33.85238970     3.90650777     0.34283034
  2.5580     0.21308001    -1.06843111    49.26472466     4.67270063     0.34045476
  2.5600     0.20153512    -1.06758134    40.18189078     4.74381517     0.34060657
  2.5620     0.17916178    -1.05579730    31.57762051     4.15094639     0.34548376
  2.5640     0.16679778    -1.05600087    29.83239087     4.32823018     0.34568469
  2.5660     0.19522578    -1.05596980    39.49004155     4.69312474     0.34557245
  2.5680     0.16769334    -1.05744180    30.12605676     4.22675948     0.34472050
  2.5700     0.16098356    -1.04216446    25.70042306     4.43938288     0.35124314
  2.5720     0.16152489    -1.04879289    25.55693533     4.11004747     0.34861972
  2.5740     0.17248400    -1.04678753    28.54842964     4.28005491     0.34980374
  2.5760     0.17130667    -1.04302039    30.58428456     4.01094724     0.35129604
  2.5780     0.17366178    -1.04221427    27.89618580     4.14171364     0.35173879
  2.5800     0.16176312    -1.03588358    26.91626028     3.84030399     0.35371185
  2.5820     0.15688045    -1.03767820    30.28443185     4.27553687     0.35317797
  2.5840     0.16785289    -1.03976888    31.28325555     4.52474830     0.35260897
  2.5860     0.16748134    -1.03785155    30.22509927     4.01448758     0.35392234
  2.5880     0.16185200    -1.04023734    26.74290327     4.32974350     0.35324665
  2.5900     0.14309645    -1.03045246    25.52492041     3.85270983     0.35640350
  2.5920     0.16827111    -1.03883021    29.73597242     4.05048247     0.35330733
  2.5940     0.17674756    -1.03813514    35.89445060     4.57005514     0.35393501
  2.5960     0.18732623    -1.03623116    31.37357782     4.12515279     0.35445978
  2.5980     0.16131334    -1.02962485    28.70714087     4.09005476     0.35725879
  2.6000     0.15653911    -1.02647731    23.57076475     3.80925023     0.35833122
  2.6020     0.17688534    -1.02896005    29.36572327     3.92515570     0.35749617
  2.6040     0.15756667    -1.02851198    24.97620726     3.83591813     0.35824187
  2.6060     0.15186311    -1.01686137    20.17908376     3.74536438     0.36203352
  2.6080     0.16411156    -1.02712978    24.62658513     3.82534760     0.35905292
  2.6100     0.17519645    -1.02781864    28.70038962     3.82300055     0.35886555
  2.6120     0.15102178    -1.02315198    25.18839084     4.12740663     0.36036985
  2.6140     0.17689245    -1.02806753    28.29463767     3.97868534     0.35913338
  2.6160     0.15513067    -1.01432087    20.78672861     3.62979304     0.36420195
  2.6180     0.14487689    -1.01179817    21.86561435     3.72458164     0.36506435
  2.6200     0.16724578    -1.01643115    21.97193661     3.57047344     0.36373719
  2.6220     0.14723556    -1.01120090    22.02553716     3.51562797     0.36529106
  2.6240     0.16711778    -1.01051021    28.03703443     4.02611985     0.36611033
  2.6260     0.15588400    -1.00927643    20.38858937     3.59763903     0.36679314
  2.6280     0.14550623    -1.00392356    21.63264003     3.41669424     0.36877976
  2.6300     0.14479467    -1.00479290    20.48396142     3.64094959     0.36859861
  2.6320     0.14367645    -1.00466311    19.87283815     3.79451630     0.36859883
  2.6340     0.16024800    -1.00589601    23.72612399     3.90326043     0.36827610
  2.6360     0.13499734    -1.00116269    19.55560467     3.67707683     0.37036496
  2.6380     0.14318311    -1.00615467    21.19667137     3.58684824     0.36842569
  2.6400     0.15882312    -1.00874755    25.19172325     3.78970224     0.36756040
  2.6420     0.13534311    -0.99992976    19.73094006     3.80331523     0.37106088
  2.6440     0.13895423    -0.99920356    17.80066088     3.40998675     0.37147052
  2.6460     0.14935556    -0.99147199    20.97556685     3.46708946     0.37439843
  2.6480     0.14210889    -0.99469959    20.36115329     3.71272151     0.37300260
  2.6500     0.14283867    -0.99280795    20.18654896     3.56646296     0.37458025
  2.6520     0.14834534    -0.98993154    20.72706949     3.82215306     0.37512391
  2.6540     0.12197289    -0.99120447    18.13077106     3.43458929     0.37467960
  2.6560     0.14155245    -0.99791461    21.80790301     3.62051693     0.37271432
  2.6580     0.14431867    -0.99032802    22.94761185     3.87100027     0.37590451
  2.6600     0.13728356    -0.98328800    18.87671077     3.39155451     0.37835834
  2.6620     0.15350400    -0.98702666    22.25876828     3.50201707     0.37730124
  2.6640     0.13521467    -0.98526848    17.87294260     3.37102303     0.37772710
  2.6660     0.14452134    -0.98696709    20.29418912     3.51347874     0.37760130
  2.6680     0.13275200    -0.98061867    18.65400173     3.24414653     0.37986731
  2.6700     0.14363645    -0.98550042    20.64005733     3.81926091     0.37815096
  2.6720     0.14176223    -0.97773953    20.61775706     3.23048226     0.38090952
  2.6740     0.13810667    -0.97710755    18.56635233     3.20824309     0.38111889
  2.6760     0.14097822    -0.98026221    20.53116558     3.36066271     0.38039897
  2.6780     0.14557200    -0.97943825    22.00939140     3.63543894     0.38073104
  2.6800     0.14721423    -0.98127022    21.79997154     3.44517912     0.38070903
  2.6820     0.13200489    -0.97651553    19.63726597     3.51232692     0.38195261
  2.6840     0.13468000    -0.97119292    17.42396216     3.41877173     0.38437554
  2.6860     0.14121778    -0.97125955    18.89756348     3.40359960     0.38422018
  2.6880     0.12440089    -0.97311736    17.11368893     3.41140136     0.38400813
  2.6900     0.14026845    -0.97536802    17.86646392     3.46919916     0.38330244
  2.6920     0.12829467    -0.96856443    16.21043221     3.17786579     0.38595853
  2.6940     0.12562889    -0.96506134    17.14504335     3.29437410     0.38711009
  2.6960     0.11580089    -0.96020176    13.09205520     3.21699639     0.38923674
  2.6980     0.13387467    -0.96994399    20.48105377     3.51085998     0.38591140
  2.7000     0.14047511    -0.96627291    18.82179912     3.40703140     0.38692138
  2.7020     0.13514534    -0.96059116    16.74051912     3.39520742     0.38912560
  2.7040     0.14639200    -0.96372090    20.71546549     3.30069968     0.38822209
  2.7060     0.12919956    -0.96210755    16.82954158     3.22126491     0.38936610
  2.7080     0.13204445    -0.96069776    17.47246992     3.22517049     0.38944611
  2.7100     0.14203778    -0.96130933    18.38791635     3.24436881     0.38961392
  2.7120     0.12945156    -0.95447824    16.97367316     3.28193414     0.39187971
  2.7140     0.13459867    -0.95773956    16.19397174     3.36222177     0.39099464
  2.7160     0.12787245    -0.95558754    18.11369549     3.26846446     0.39217043
  2.7180     0.13484267    -0.95666847    17.99286718     3.21914045     0.39184415
  2.7200     0.12857734    -0.94791380    16.89644167     3.09982145     0.39522282
  2.7220     0.12268267    -0.94710845    16.19832722     3.10933724     0.39619680
  2.7240     0.13497734    -0.95668444    21.68921039     3.45518278     0.39166500
  2.7260     0.12231245    -0.94801954    14.01901872     3.03956088     0.39560712
  2.7280     0.12707689    -0.94664713    15.22637638     3.39216991     0.39643973
  2.7300     0.12168711    -0.94866667    14.76493755     3.12080955     0.39553844
  2.7320     0.13303023    -0.94425068    17.38996649     3.13081919     0.39744838
  2.7340     0.12891423    -0.94461777    15.95261285     3.06216963     0.39762864
  2.7360     0.11711734    -0.93866487    14.33979746     3.02986664     0.39895824
  2.7380     0.11281645    -0.93710846    15.28378353     3.10978367     0.40006423
  2.7400     0.12962000    -0.93941864    16.64127342     3.24625442     0.39948434
  2.7420     0.12354445    -0.94346312    13.39006025     3.13308252     0.39836612
  2.7440     0.12335423    -0.93980619    14.54238154     3.21267788     0.39955391
  2.7460     0.11772134    -0.93833689    14.33410838     3.00490761     0.40006779
  2.7480     0.11629911    -0.93349157    13.78198128     3.13160635     0.40249361
  2.7500     0.11917645    -0.93713157    15.51591381     3.10235339     0.40066391
  2.7520     0.12274978    -0.93562042    16.61823035     3.11221882     0.40156520
  2.7540     0.13584267    -0.93638669    16.79408581     3.10719019     0.40131071
  2.7560     0.12213689    -0.93133686    16.63218328     3.15309722     0.40345780
  2.7580     0.12044934    -0.93088355    14.55724876     3.08147690     0.40403303
  2.7600     0.11796800    -0.93034931    14.64771284     2.98596730     0.40433865
  2.7620     0.12674845    -0.92957064    14.42497914     3.00536295     0.40436376
  2.7640     0.11464845    -0.93180445    13.98359729     3.02745807     0.40385077
  2.7660     0.12172311    -0.92601512    14.88667947     2.98019938     0.40624014
  2.7680     0.11359511    -0.92639556    12.54984046     2.95627824     0.40601187
  2.7700     0.11838400    -0.92522753    14.33272529     2.97223511     0.40654953
  2.7720     0.12624445    -0.92081780    14.13516549     2.91348706     0.40889622
  2.7740     0.12154311    -0.92119289    13.62538540     2.96630394     0.40871708
  2.7760     0.11792134    -0.92131821    13.75480230     3.09465456     0.40846525
  2.7780     0.11705689    -0.91935198    12.11351758     3.05681026     0.40973639
  2.7800     0.11927334    -0.92253780    15.34661029     2.96128761     0.40815430
  2.7820     0.12805467    -0.92339822    16.57995478     2.83079588     0.40818630
  2.7840     0.11677956    -0.91783554    14.33770707     2.90793159     0.41039319
  2.7860     0.12038178    -0.91826755    14.44525515     3.02851960     0.40989642
  2.7880     0.11055200    -0.91418403    11.92847725     2.94731181     0.41150297
  2.7900     0.11021734    -0.91212447    11.22185957     2.79148860     0.41296882
  2.7920     0.11485645    -0.91236269    11.78198809     2.78107198     0.41239603
  2.7940     0.11453645    -0.91242400    12.67000921     3.00007934     0.41312996
  2.7960     0.11704978    -0.91248532    13.60363104     2.83055071     0.41292547
  2.7980     0.12020667    -0.91127378    13.53571698     2.80591863     0.41388967
  2.8000     0.11253867    -0.90925779    12.98798849     2.87846321     0.41404459
  2.8020     0.11285022    -0.90663465    11.45970720     2.93627537     0.41565646
  2.8040     0.11391378    -0.90689156    12.17145717     2.95213177     0.41583006
  2.8060     0.11700445    -0.90819825    13.79312057     2.73588469     0.41572603
  2.8080     0.10667600    -0.90633780    11.53357348     3.02014677     0.41621435
  2.8100     0.10961334    -0.90080446    11.91612086     2.84751006     0.41892579
  2.8120     0.11203600    -0.90137868    11.38209288     2.80668877     0.41798204
  2.8140     0.11513823    -0.90145333    12.73999772     2.83196832     0.41861572
  2.8160     0.11195423    -0.89856889    11.87524143     2.74840978     0.41948145
  2.8180     0.11334356    -0.89563999    11.65299066     2.82664334     0.42059078
  2.8200     0.10726845    -0.89626043    10.76121946     2.83497799     0.42076971
  2.8220     0.11235111    -0.89766491    12.40474393     2.81954282     0.42005868
  2.8240     0.10423645    -0.89504887    10.68464004     2.70255047     0.42146496
  2.8260     0.10679422    -0.89084623    10.99687936     2.79225684     0.42312551
  2.8280     0.10511067    -0.89219999    10.64882954     2.73702289     0.42297615
  2.8300     0.11100134    -0.89417690    13.37754063     2.87172804     0.42197084
  2.8320     0.10217067    -0.89220179    11.21824305     2.66430475     0.42284946
  2.8340     0.11080934    -0.88778669    11.38387899     2.65635286     0.42501122
  2.8360     0.11009600    -0.88613690    11.28713223     2.72868033     0.42567269
  2.8380     0.10573334    -0.88940980    11.78638897     2.81981671     0.42404681
  2.8400     0.09958178    -0.88512980     9.99147818     2.70683889     0.42595741
  2.8420     0.09878711    -0.88605154     9.46574755     2.85247749     0.42583828
  2.8440     0.10891734    -0.88568180    12.35953321     2.61880887     0.42600520
  2.8460     0.10023334    -0.87960001     9.64792168     2.67581994     0.42839301
  2.8480     0.10515600    -0.88344087    10.63130911     2.73048473     0.42787691
  2.8500     0.11207556    -0.88230133    11.69586872     2.53702601     0.42785379
  2.8520     0.10064222    -0.88263199    10.58503637     2.73406599     0.42821853
  2.8540     0.10084623    -0.87851109     9.90249692     2.67879970     0.42928941
  2.8560     0.10114134    -0.88066666    10.22562488     2.73373273     0.42862239
  2.8580     0.10627289    -0.87785514    11.25681238     2.54788708     0.42976884
  2.8600     0.10819067    -0.87816980    10.97505422     2.64360427     0.43004601
  2.8620     0.09787511    -0.87613776     9.00224284     2.57139491     0.43082483
  2.8640     0.10336756    -0.87646402    10.25064112     2.69225053     0.43044920
  2.8660     0.10559245    -0.87423465    11.24324117     2.58670021     0.43137472
  2.8680     0.10149422    -0.87557689    10.37938771     2.63239022     0.43066547
  2.8700     0.10776489    -0.87583022    11.34593994     2.69400784     0.43102776
  2.8720     0.09853245    -0.87035198     8.72028901     2.67075538     0.43394635
  2.8740     0.10940978    -0.87098932    11.23162734     2.58048785     0.43277833
  2.8760     0.10656267    -0.87007380    11.46419140     2.59093405     0.43355427
  2.8780     0.10226400    -0.86920089    10.63105442     2.45454246     0.43363139
  2.8800     0.09523156    -0.86658136     9.21267026     2.51184342     0.43495010
  2.8820     0.10430445    -0.86910490    10.81923219     2.56650263     0.43437688
  2.8840     0.10521778    -0.86964002    10.97130863     2.46125225     0.43448223
  2.8860     0.10850134    -0.86659644    10.49781568     2.42903693     0.43605877
  2.8880     0.10588267    -0.86911202    10.79049592     2.68447326     0.43527550
  2.8900     0.09421289    -0.86215911     8.79752136     2.53904226     0.43770354
  2.8920     0.09753956    -0.85909069     9.15414296     2.47357159     0.43910515
  2.8940     0.10476045    -0.86293775     9.87850174     2.45288305     0.43822009
  2.8960     0.09852711    -0.86045064     8.97457558     2.38158822     0.43900736
  2.8980     0.10170800    -0.86213068     9.78566371     2.51369247     0.43775222
  2.9000     0.09915645    -0.86191287    10.05903273     2.56478718     0.43803961
  2.9020     0.10357467    -0.86142845    10.18334888     2.41893984     0.43823565
  2.9040     0.09624667    -0.85553777     7.87329087     2.44891013     0.44091952
  2.9060     0.09937022    -0.85508089     9.83012477     2.43379841     0.44162144
  2.9080     0.10362311    -0.85809156    10.50876536     2.40572210     0.44114045
  2.9100     0.09917734    -0.85755019     9.54426815     2.38799966     0.44047498
  2.9120     0.10134311    -0.85448711     9.58968337     2.38919434     0.44191172
  2.9140     0.09762089    -0.85375736     8.85633645     2.55189063     0.44215176
  2.9160     0.09742578    -0.85017422     9.37052484     2.53653743     0.44353649
  2.9180     0.09575778    -0.85053690     9.24575817     2.54157885     0.44340713
  2.9200     0.09760711    -0.84857243     9.48958350     2.36664735     0.44487409
  2.9220     0.09847867    -0.85118042     8.76167428     2.40042357     0.44393434
  2.9240     0.11458311    -0.85472802    11.30191170     2.46739434     0.44225712
  2.9260     0.09987200    -0.84682755    10.20373930     2.35620545     0.44549465
  2.9280     0.09429467    -0.84907023     8.49934422     2.45300420     0.44508479
  2.9300     0.09549778    -0.84418220     9.04104410     2.38326179     0.44699384
  2.9320     0.09619556    -0.84622400     8.47447090     2.39476802     0.44590185
  2.9340     0.09511822    -0.84471376     8.53405111     2.52473539     0.44656287
  2.9360     0.09662667    -0.84395291     9.50529592     2.41609341     0.44701118
  2.9380     0.09529867    -0.84155197     8.38868021     2.42235067     0.44823476
  2.9400     0.10016845    -0.84446576     8.88362151     2.31617847     0.44756173
  2.9420     0.09699689    -0.84095998     8.93837671     2.37889547     0.44827766
  2.9440     0.09577156    -0.84216447     9.90532376     2.44976393     0.44865595
  2.9460     0.09613289    -0.84031111     8.95629163     2.33664233     0.44894779
  2.9480     0.10081111    -0.84016447     9.21348632     2.45160693     0.44918895
  2.9500     0.09339245    -0.83600092     8.78660013     2.32982254     0.45123469
  2.9520     0.09098267    -0.83529957     8.52318124     2.34956674     0.45140984
  2.9540     0.09401067    -0.83548888     8.13052184     2.29984139     0.45177636
  2.9560     0.09501334    -0.83491375     8.92645213     2.20018259     0.45213754
  2.9580     0.09635911    -0.83830935     8.24270937     2.16546695     0.45063302
  2.9600     0.09767778    -0.83651555     8.67889777     2.35141744     0.45119446
  2.9620     0.09737822    -0.83004086     8.80888640     2.35270040     0.45358538
  2.9640     0.09208622    -0.83340714     7.99371031     2.29961162     0.45310084
  2.9660     0.09577378    -0.83226403     8.50489652     2.48160469     0.45347781
  2.9680     0.09374267    -0.82652798     8.36684481     2.43137427     0.45516881
  2.9700     0.09256134    -0.82875203     7.78996314     2.24256065     0.45481919
  2.9720     0.09330978    -0.82951557     8.25221045     2.30220323     0.45484075
  2.9740     0.09330756    -0.82891553     7.85420201     2.36984089     0.45531840
  2.9760     0.09358711    -0.82961864     8.48525236     2.31880514     0.45510347
  2.9780     0.09153511    -0.82743110     7.69073877     2.16853085     0.45604588
  2.9800     0.09940889    -0.82810492     8.19865394     2.18761163     0.45552755
  2.9820     0.09495867    -0.82215913     8.15425737     2.10673178     0.45831033
  2.9840     0.09803867    -0.82647290     8.81370478     2.41963168     0.45700362
  2.9860     0.08929378    -0.82309514     7.31163741     2.24063091     0.45797826
  2.9880     0.09614934    -0.82314046     8.84923384     2.40002884     0.45808184
  2.9900     0.08664267    -0.82094843     6.63940778     2.21988013     0.45899824
  2.9920     0.09039867    -0.82069869     8.04292219     2.20954677     0.45913716
  2.9940     0.09526400    -0.81996355     8.36589790     2.24548205     0.45964548
  2.9960     0.08810667    -0.81826755     7.65247329     2.27817934     0.46081994
  2.9980     0.08989556    -0.81873864     7.64799838     2.24918714     0.46119335
  3.0000     0.08960711    -0.81742936     7.50086761     2.26898880     0.46099487
  3.0020     0.09532045    -0.81518312     7.86494478     2.11524927     0.46188949
  3.0040     0.09064045    -0.81426313     7.42635861     2.23261832     0.46260830
  3.0060     0.08949289    -0.81476533     7.39721574     2.22306880     0.46206308
  3.0080     0.08698045    -0.81359734     7.29533594     2.13781811     0.46327643
  3.0100     0.08856578    -0.81006225     7.74523353     2.20853226     0.46428864
  3.0120     0.08584045    -0.81035735     6.58557726     2.19866332     0.46480274
  3.0140     0.08883289    -0.81426222     7.41821843     2.31072448     0.46341646
  3.0160     0.08931645    -0.80935110     7.42979409     2.24066634     0.46487231
  3.0180     0.08882934    -0.81139554     7.44498671     2.18044933     0.46447245
  3.0200     0.07849689    -0.80785067     6.04396640     2.20250365     0.46558334
  3.0220     0.09330222    -0.81029153     7.72031917     2.16391697     0.46487786
  3.0240     0.08594889    -0.80813335     7.54235269     2.33158870     0.46628103
  3.0260     0.09155467    -0.80543643     7.30817920     2.20205426     0.46766198
  3.0280     0.08995645    -0.80495464     7.49242609     2.21818021     0.46736414
  3.0300     0.08921645    -0.80472799     7.75201020     2.18398590     0.46728657
  3.0320     0.08527467    -0.80702224     6.73020062     2.15990516     0.46664555
  3.0340     0.08851156    -0.80394487     6.96126731     2.09332801     0.46815274
  3.0360     0.09027200    -0.80204446     7.35199186     2.14643665     0.46858994
  3.0380     0.09018489    -0.80354666     7.50208706     2.19340729     0.46854349
  3.0400     0.08778800    -0.80172535     7.01715700     2.20122317     0.46941922
  3.0420     0.08298400    -0.80077688     7.00497151     2.12861618     0.46993421
  3.0440     0.09173911    -0.80096979     7.26307343     2.13947838     0.46973817
  3.0460     0.08828889    -0.79844177     6.76309072     2.07943820     0.47122869
  3.0480     0.09285867    -0.80176622     8.02012556     2.08124621     0.46975662
  3.0500     0.08645467    -0.79795465     6.47554648     2.04215895     0.47129515
