# T        <|M|>         <E>           chi            C
  1.5500     0.98311704    -1.93995111     0.11303672     0.74115122
  1.5561     0.98282148    -1.93877926     0.11891163     0.80349853
  1.5621     0.98226148    -1.93702963     0.14057138     0.85904610
  1.5682     0.98188963    -1.93563111     0.12432722     0.80381628
  1.5742     0.98151704    -1.93435259     0.12871273     0.82177481
  1.5803     0.98145185    -1.93444889     0.13306295     0.85243210
  1.5864     0.98068519    -1.93161333     0.13432435     0.86127141
  1.5924     0.98028741    -1.93053481     0.14839945     0.87163618
  1.5985     0.97972148    -1.92820296     0.13652311     0.86626088
  1.6045     0.97904889    -1.92637630     0.13999613     0.83249584
  1.6106     0.97892074    -1.92605333     0.14804786     0.88195281
  1.6167     0.97838815    -1.92382074     0.14203641     0.88691271
  1.6227     0.97793556    -1.92280148     0.16975070     0.98206181
  1.6288     0.97709704    -1.92007111     0.16611531     0.95842715
  1.6348     0.97686296    -1.91914815     0.15461288     0.91197033
  1.6409     0.97568148    -1.91558667     0.18116554     1.00105880
  1.6470     0.97589259    -1.91634815     0.18705443     1.02312564
  1.6530     0.97504519    -1.91344889     0.17833212     0.98629512
  1.6591     0.97373185    -1.90976593     0.21525880     1.09920899
  1.6652     0.97413556    -1.91098963     0.20236107     1.05885791
  1.6712     0.97394889    -1.91036444     0.20322569     1.08076177
  1.6773     0.97303111    -1.90678222     0.19378444     1.05425861
  1.6833     0.97137481    -1.90224296     0.21669635     1.07262134
  1.6894     0.97132741    -1.90231259     0.21661438     1.09376693
  1.6955     0.97059037    -1.89992000     0.22343497     1.11984493
  1.7015     0.97022000    -1.89835259     0.22231492     1.12911352
  1.7076     0.96949333    -1.89665630     0.24485875     1.19384165
  1.7136     0.96788296    -1.89195556     0.25507168     1.18382216
  1.7197     0.96778444    -1.89124889     0.26666460     1.21390764
  1.7258     0.96688444    -1.88870963     0.27279615     1.24043425
  1.7318     0.96687630    -1.88820148     0.25324101     1.20760227
  1.7379     0.96574741    -1.88526370     0.29047389     1.23693657
  1.7439     0.96500519    -1.88280444     0.29859776     1.33117314
  1.7500     0.96374444    -1.87949926     0.28757470     1.24221658
  1.7561     0.96288963    -1.87613333     0.27955256     1.32073336
  1.7621     0.96174444    -1.87395407     0.32024928     1.33207980
  1.7682     0.96165704    -1.87398519     0.35968554     1.35782554
  1.7742     0.96106296    -1.87171111     0.35417932     1.44588940
  1.7803     0.95833259    -1.86459704     0.37371608     1.41359403
  1.7864     0.95880148    -1.86466963     0.35915614     1.41957209
  1.7924     0.95818222    -1.86394815     0.42064971     1.47760699
  1.7985     0.95723259    -1.86060889     0.36242693     1.39865305
  1.8045     0.95656963    -1.85927259     0.39927403     1.49515992
  1.8106     0.95404667    -1.85175407     0.41486296     1.52455992
  1.8167     0.95389778    -1.85058667     0.41040234     1.56099174
  1.8227     0.95274296    -1.84940444     0.47229011     1.59116313
  1.8288     0.95149630    -1.84502963     0.46277424     1.58449453
  1.8348     0.95225926    -1.84496444     0.39928376     1.58766655
  1.8409     0.94933630    -1.83918074     0.51347196     1.70245506
  1.8470     0.94809630    -1.83492296     0.48825045     1.70435184
  1.8530     0.94613037    -1.83101333     0.52042175     1.68134580
  1.8591     0.94773926    -1.83407259     0.50499247     1.71200180
  1.8652     0.94544000    -1.82815852     0.51597655     1.67218693
  1.8712     0.94368519    -1.82369778     0.54303048     1.73233338
  1.8773     0.94463852    -1.82438963     0.52699480     1.76891588
  1.8833     0.94307185    -1.82094815     0.55708229     1.69904336
  1.8894     0.94158963    -1.81800296     0.57013143     1.72313691
  1.8955     0.93879926    -1.81120593     0.61403729     1.78153456
  1.9015     0.93748074    -1.80853333     0.60746709     1.76723521
  1.9076     0.93526444    -1.80197926     0.64802806     1.89899127
  1.9136     0.93730741    -1.80462815     0.59027640     1.81475199
  1.9197     0.93503556    -1.80020000     0.65058109     1.93298266
  1.9258     0.93081556    -1.79248593     0.98451136     2.20638142
  1.9318     0.92974815    -1.78922963     0.86891784     2.04925846
  1.9379     0.92777852    -1.78489333     0.94551044     2.23545320
  1.9439     0.92571407    -1.78110370     0.95006609     2.13121952
  1.9500     0.92404963    -1.77731259     0.96301112     2.11633029
  1.9561     0.92494074    -1.77659259     0.93117687     2.19524177
  1.9621     0.92342000    -1.77218815     0.90371605     2.20735949
  1.9682     0.92231037    -1.76963111     0.88768315     2.17886860
  1.9742     0.92026741    -1.76587704     0.93365881     2.07760354
  1.9803     0.91620963    -1.75941630     1.44807019     2.46392374
  1.9864     0.91508000    -1.75323556     1.05257838     2.34307421
  1.9924     0.90674148    -1.74756296     3.53980714     2.80117380
  1.9985     0.91469185    -1.75048741     0.95148409     2.25248654
  2.0045     0.90776444    -1.73834815     1.29534518     2.35169340
  2.0106     0.90739407    -1.73736148     1.34449717     2.46895970
  2.0167     0.90580741    -1.73230519     1.40376980     2.66921698
  2.0227     0.90498074    -1.73121926     1.34087217     2.49679183
  2.0288     0.90031259    -1.72289481     1.77590381     2.71811655
  2.0348     0.89954370    -1.71869926     1.57071344     2.65437918
  2.0409     0.89607852    -1.71482370     1.68945414     2.76459520
  2.0470     0.89466222    -1.71044741     1.76460524     2.68732252
  2.0530     0.89472000    -1.70831111     1.60471537     2.57787049
  2.0591     0.88730815    -1.69512889     1.98671890     2.98907070
  2.0652     0.88679407    -1.69331704     2.00629220     2.92169329
  2.0712     0.88162296    -1.68773630     2.48180480     3.07965644
  2.0773     0.87691333    -1.68035852     2.92304624     3.12060240
  2.0833     0.87809481    -1.67591556     2.26224109     3.07223784
  2.0894     0.87174889    -1.67020444     3.28980439     3.17203206
  2.0955     0.86587852    -1.66102667     4.02648833     3.62516295
  2.1015     0.87850148    -1.67293037     1.89832234     2.89850414
  2.1076     0.87148889    -1.66189778     2.35179281     3.15131988
  2.1136     0.85800889    -1.64456000     3.86714755     3.45461938
  2.1197     0.85608593    -1.63642222     2.93669080     3.43145797
  2.1258     0.85839185    -1.64108593     2.95821858     3.10984710
  2.1318     0.85204296    -1.63196296     4.38491810     3.69548224
  2.1379     0.84356519    -1.62034815     3.84112934     3.31976854
  2.1439     0.81860593    -1.60609333    12.78213422     4.87320367
  2.1500     0.83392889    -1.60682222     5.47851239     3.76228545
  2.1500     0.83429289    -1.60702733    34.02528309    24.27024341
  2.1530     0.83667133    -1.60889333    33.33882911    24.52373568
  2.1561     0.81086656    -1.59431756   135.81799559    29.99149672
  2.1591     0.83144500    -1.60054844    37.70671061    25.90252964
  2.1621     0.81984056    -1.59323978    63.78923647    27.33652013
  2.1652     0.82064633    -1.59155089    58.36142864    28.20285513
  2.1682     0.81568700    -1.58752711    65.35817817    28.31403254
  2.1712     0.81582711    -1.58479556    79.56108018    27.15039675
  2.1742     0.81944944    -1.58539156    47.79239562    26.93526147
  2.1773     0.80973933    -1.57447822    55.84419313    28.44307908
  2.1803     0.80361578    -1.57044844    92.53201360    29.07280942
  2.1833     0.81240300    -1.57225289    44.77779240    26.73486315
  2.1864     0.79777267    -1.56260889    70.71775246    29.56442798
  2.1894     0.79425178    -1.55970467    88.61547436    31.18109075
  2.1924     0.79538067    -1.55618778    71.66495047    29.85749754
  2.1955     0.78684989    -1.55157978    96.32944807    31.39492767
  2.1985     0.79896456    -1.55583556    57.37060414    29.34944476
  2.2015     0.78838356    -1.54853311    76.92941221    29.75436505
  2.2045     0.76966978    -1.53678978   144.36968114    34.03161994
  2.2076     0.76955700    -1.53012356    85.61090401    30.90574646
  2.2106     0.76167889    -1.52737578   150.12209428    36.06585454
  2.2136     0.77849467    -1.53306244    75.69646604    29.12432859
  2.2167     0.76389756    -1.52284822   102.50635747    33.01163501
  2.2197     0.76056322    -1.51963111   108.10506831    32.28245879
  2.2227     0.75029378    -1.51316667   156.88762163    34.32200161
  2.2258     0.75195689    -1.50959444   123.43507589    33.69508101
  2.2288     0.75411733    -1.50864822   125.60052280    33.36069266
  2.2318     0.72952944    -1.49766289   181.08529200    34.79391551
  2.2348     0.72455289    -1.49059489   181.33057771    37.12257604
  2.2379     0.75896744    -1.50331756    77.05594340    32.51188957
  2.2409     0.72751856    -1.48827222   157.30291164    34.74883319
  2.2439     0.72781056    -1.48451400   157.10446726    34.13970032
  2.2470     0.72234311    -1.47805578   135.57331082    34.76548635
  2.2500     0.70883778    -1.47132600   175.34578615    38.10409391
  2.2530     0.68937111    -1.45912289   212.94478792    37.77128700
  2.2561     0.68216156    -1.45112933   217.63840570    40.03388524
  2.2591     0.70346433    -1.46089089   168.27162790    36.38469991
  2.2621     0.65330367    -1.43921400   320.77308735    40.36542314
  2.2652     0.66474289    -1.44104222   267.07413381    40.81844385
  2.2682     0.68341900    -1.44436089   198.77275346    36.91087416
  2.2712     0.63000867    -1.42269067   337.09609922    40.97263366
  2.2742     0.64669722    -1.43109267   348.40720514    43.18508030
  2.2773     0.61173156    -1.41197578   381.20874893    41.60599550
  2.2803     0.67196056    -1.42930778   234.88191507    40.62399060
  2.2833     0.63457156    -1.40909822   262.71068678    38.35539797
  2.2864     0.62140478    -1.40687533   333.45064092    41.53415016
  2.2894     0.61043600    -1.40078600   328.85046836    43.26869089
  2.2924     0.58400744    -1.38404244   368.63826548    43.37935883
  2.2955     0.59824233    -1.38606244   340.47340411    40.44889384
  2.2985     0.56911267    -1.37814667   383.09931106    43.31946447
  2.3015     0.57519156    -1.37703600   365.09414316    39.79556978
  2.3045     0.56151156    -1.36253822   353.30792524    40.36425139
  2.3076     0.55233078    -1.36265044   389.79045618    41.39032949
  2.3106     0.54121844    -1.35609422   406.33825732    38.95058178
  2.3136     0.50985656    -1.34129844   419.61468845    42.37877023
  2.3167     0.52514011    -1.34428444   378.31521749    38.05822456
  2.3197     0.49906156    -1.33375511   454.09123163    40.17512447
  2.3227     0.51808589    -1.33569889   402.90417711    40.44124458
  2.3258     0.49265733    -1.32543822   413.54114850    40.03343164
  2.3288     0.46905578    -1.31379111   414.12433432    37.40549135
  2.3318     0.45344789    -1.31025333   433.20449983    37.64408744
  2.3348     0.48320778    -1.31434622   394.04589761    37.52574751
  2.3379     0.47386622    -1.30967867   415.17628397    39.46715585
  2.3409     0.47940100    -1.30589778   364.46104423    37.59281278
  2.3439     0.47498844    -1.30664689   387.78882438    38.40453663
  2.3470     0.41977844    -1.28321356   386.24764227    34.52526095
  2.3500     0.42807700    -1.28239133   402.17093578    36.21070061
  2.3530     0.43729456    -1.28371333   410.83488207    35.98079628
  2.3561     0.37470344    -1.26769511   434.58534310    36.22778150
  2.3591     0.43571789    -1.27505822   369.96996645    34.92188643
  2.3621     0.40723011    -1.27004267   417.42275786    35.38495211
  2.3652     0.41878344    -1.26985711   392.07476525    35.51595947
  2.3682     0.39477589    -1.25587000   390.55314019    35.01011083
  2.3712     0.37977544    -1.24932889   380.92264107    32.49691265
  2.3742     0.38712489    -1.24996489   361.07979143    32.00247562
  2.3773     0.36312722    -1.24086511   364.93515757    31.58063230
  2.3803     0.37526756    -1.24444933   387.26020356    33.25272764
  2.3833     0.36517933    -1.23886778   345.18053970    29.19458962
  2.3864     0.33770933    -1.22935444   365.49894080    29.93552705
  2.3894     0.33883178    -1.22507156   343.55540575    29.05438024
  2.3924     0.33824422    -1.22079711   327.62574959    28.86825395
  2.3955     0.36003111    -1.22563978   332.01163353    29.85163288
  2.3985     0.34425478    -1.21871867   328.75958877    29.66747333
  2.4015     0.35896089    -1.21757044   325.89450306    31.60616038
  2.4045     0.36228867    -1.21852222   304.37841493    28.77936157
  2.4076     0.29648722    -1.19723222   295.33243140    26.39549217
  2.4106     0.30845300    -1.19792133   299.46081898    26.62447390
  2.4136     0.30013567    -1.19291178   303.83972300    27.33775191
  2.4167     0.29228456    -1.18979778   289.85250215    25.74209413
  2.4197     0.30718533    -1.19016489   280.79872336    26.13662572
  2.4227     0.28247367    -1.18455489   289.17232941    24.72568322
  2.4258     0.28537067    -1.18310378   306.90886088    26.92854777
  2.4288     0.28373056    -1.18077978   295.24494097    25.62126731
  2.4318     0.29033122    -1.17855356   275.47892069    26.10026781
  2.4348     0.29200489    -1.17439622   278.01626749    25.52462865
  2.4379     0.26874178    -1.16770622   251.30330152    23.55380386
  2.4409     0.26049467    -1.16296267   241.92544709    22.49027708
  2.4439     0.28554100    -1.16366867   248.45077264    23.80936681
  2.4470     0.26014311    -1.15720578   238.95482059    22.67756568
  2.4500     0.27268733    -1.15372067   227.98212339    22.36398826
  2.4500     0.27814889    -1.15566667    39.20426622     3.55070050
  2.4561     0.21610074    -1.13964000    29.16567959     3.30465829
  2.4621     0.26430148    -1.15263556    38.97273686     3.91700417
  2.4682     0.19788741    -1.13137926    27.44300146     3.25472141
  2.4742     0.27942296    -1.13215556    37.11275788     3.52324584
  2.4803     0.23105630    -1.12488889    29.23586063     2.66974958
  2.4864     0.18707111    -1.11388444    18.68314096     2.65283111
  2.4924     0.20513481    -1.11295704    26.10243544     2.93551972
  2.4985     0.20623778    -1.10230815    26.35448579     2.93225531
  2.5045     0.20588074    -1.09995407    20.41654058     2.55446354
  2.5106     0.20757630    -1.09739407    27.11172293     2.83917948
  2.5167     0.24393407    -1.10919407    31.94391842     2.91000967
  2.5227     0.20036370    -1.08412148    19.26161832     2.68120914
  2.5288     0.17296963    -1.08005778    20.73050195     2.79516778
  2.5348     0.19314222    -1.07785185    22.33496945     2.75651078
  2.5409     0.20544222    -1.07820741    29.95149939     3.05394685
  2.5470     0.19340370    -1.07482815    20.84859366     2.63398317
  2.5530     0.17668000    -1.06563111    18.46129603     2.30545569
  2.5591     0.19160000    -1.06427556    18.04300934     2.45385102
  2.5652     0.18607333    -1.04977185    16.44849813     2.44121817
  2.5712     0.17839926    -1.05851556    20.54682980     2.56517119
  2.5773     0.16529111    -1.04594222    19.69076576     2.68317064
  2.5833     0.14800074    -1.03471259    14.03845532     2.55320565
  2.5894     0.16930815    -1.03596889    14.46007228     2.32586398
  2.5955     0.15712889    -1.03466074    15.35987907     2.37184770
  2.6015     0.18569111    -1.02612741    21.95779742     2.68092127
  2.6076     0.16784519    -1.03029185    15.25444936     2.31552353
  2.6136     0.16004815    -1.01389185    17.02713847     2.40442032
  2.6197     0.15717407    -1.01540889    14.68342704     2.26820835
  2.6258     0.12625852    -1.01026815     9.70889893     2.10155295
  2.6318     0.16251704    -1.00482667    15.76332876     2.52951756
  2.6379     0.15024741    -1.00290370    13.78697904     2.00737119
  2.6439     0.15903333    -1.00320148    14.95739599     2.12868360
  2.6500     0.15383704    -0.99748889    13.44392797     2.09504375
  2.6561     0.13974963    -0.99457778    10.44132291     1.94472261
  2.6621     0.13489556    -0.99240444    11.25983552     2.21619852
  2.6682     0.13367556    -0.98608593    12.68185759     2.26092534
  2.6742     0.14613407    -0.98144593    10.82418266     2.20129168
  2.6803     0.13764222    -0.97964148    10.57166227     1.89734686
  2.6864     0.13150074    -0.96623556    10.32724474     2.04664528
  2.6924     0.14131630    -0.97506222    11.83399511     2.03975663
  2.6985     0.13479852    -0.96821333    11.72258449     2.04934353
  2.7045     0.12433556    -0.95885926    10.12108067     1.92275397
  2.7106     0.12695630    -0.95688741     8.89493384     1.79349776
  2.7167     0.15147778    -0.96055111    13.00371204     2.02306747
  2.7227     0.13966370    -0.95234222    11.16857501     1.87000039
  2.7288     0.13146444    -0.94667852     9.22783034     1.93728686
  2.7348     0.11956815    -0.93731407     8.04431809     1.84435578
  2.7409     0.13685556    -0.95013630    10.28543779     1.90000507
  2.7470     0.12588000    -0.93773481     9.74082320     1.89502162
  2.7530     0.13889259    -0.94159556    11.88625138     1.93368453
  2.7591     0.13273259    -0.93481037     8.19841719     1.77856563
  2.7652     0.11480148    -0.92401926     7.01412826     1.68820923
  2.7712     0.12052074    -0.92166519     8.35987974     1.67758427
  2.7773     0.12035333    -0.92165926     7.97271584     1.85644313
  2.7833     0.12706815    -0.91789778     8.59468666     1.75340167
  2.7894     0.12222667    -0.91743111     8.53930753     1.83151105
  2.7955     0.10962519    -0.91274370     6.73162716     1.75289819
  2.8015     0.11796444    -0.91210963     8.04742331     1.69538574
  2.8076     0.11123926    -0.90453333     7.00201379     1.66439059
  2.8136     0.11572519    -0.89883407     7.43671948     1.66989462
  2.8197     0.11584741    -0.89494667     7.62635018     1.67727303
  2.8258     0.11461111    -0.89072000     6.79458684     1.67162294
  2.8318     0.11347111    -0.90185926     7.00079160     1.73612555
  2.8379     0.10465259    -0.88373481     5.73080113     1.63328919
  2.8439     0.11210148    -0.88672000     7.55729915     1.61851024
  2.8500     0.11023333    -0.88410370     6.52979628     1.77233571
  2.8561     0.11797704    -0.88309185     7.06766300     1.52093705
  2.8621     0.11023037    -0.87855407     7.91352995     1.64747300
  2.8682     0.09985556    -0.87273778     5.75758846     1.55436834
  2.8742     0.11795259    -0.87259259     7.13213668     1.56674096
  2.8803     0.10356667    -0.87187407     7.21951485     1.63050292
  2.8864     0.10571926    -0.86836296     6.53103499     1.56226508
  2.8924     0.09360593    -0.86208889     4.34143610     1.57187381
  2.8985     0.09926148    -0.85659259     5.04366046     1.46502581
  2.9045     0.08692963    -0.85555259     5.01648146     1.44439986
  2.9106     0.10961481    -0.85662519     6.25047110     1.51891242
  2.9167     0.10155778    -0.85549185     5.44978178     1.48361646
  2.9227     0.10139704    -0.84693037     5.90324093     1.38263107
  2.9288     0.10317111    -0.85220889     6.00649793     1.48205845
  2.9348     0.10008222    -0.84452889     5.30397292     1.37557535
  2.9409     0.08970963    -0.84220741     4.18964125     1.43223655
  2.9470     0.09313704    -0.83888593     5.22634182     1.52976052
  2.9530     0.08938667    -0.83327111     4.41786955     1.43039923
  2.9591     0.08491111    -0.83004296     3.98464942     1.41160704
  2.9652     0.09297926    -0.83433333     5.40287732     1.42169671
  2.9712     0.09797778    -0.83083704     5.31209518     1.41639845
  2.9773     0.08831926    -0.82978963     4.23944803     1.44778728
  2.9833     0.08510667    -0.82249481     3.72707284     1.38274907
  2.9894     0.08942296    -0.82328593     4.95660739     1.41298918
  2.9955     0.08711185    -0.81890222     4.27512060     1.34616395
  3.0015     0.08676815    -0.81522074     4.04964680     1.33693434
  3.0076     0.08678963    -0.81068444     4.60949613     1.35511635
  3.0136     0.09127185    -0.81077037     4.56585973     1.33531183
  3.0197     0.08950593    -0.80959111     4.06251456     1.26100581
  3.0258     0.08583259    -0.80370667     3.93206403     1.32297923
  3.0318     0.08946815    -0.80785333     4.63998867     1.28143190
  3.0379     0.08111259    -0.80197778     3.60131116     1.28565671
  3.0439     0.08495259    -0.79886963     4.06814401     1.25624777
  3.0500     0.09549481    -0.79731111     4.77716888     1.25663843
